006005004000900001039000760000000100003406000000309000000000020005720010004503900
042600070000000000690000050089270005003509000000004000038065004000342908000800000
024001067700200108089007340003000400000000090000000021000000070060708000010090800
000000084010420006003000502000040059804203100000016000050130020000000000200500400
080700000000000090930400000000000006000012000160094300090020600003000001007183002
002000307000708000007090501000300000000940700401050002004512000000000000980000010
000006040376004290410000307000000000020190000160043900000030000000061000000987134
570900000908000003020000000041030000050000020090010307000704908000502000000000004
030500067006002000900010800000078300570600000000001006080037000300000090600090008
800100000090034010003970000400000000000700150006018000000087000941350080600000000
006030008700500020000002076300090000008425039900760000800000500400000060065304000
000000005050142008040030061100020007060050013700000840000000000300510000000387000
005040091000007830008090400290000000040002080000010050000538000000000010002100700
083005200019020300000000000051900002000860040008000009005208004020000060900000800
000000301000000090300804206800030040960408005100060008002000810000000900400201060
026001000050000090000050400600000000301060009000570030000000070712000054590000362
950007000004000060000802040000000000060000001170200000000500024605049070040001006
006903070000800006750401300490000508000000000000500931600000000541000800080000040
980000004020050180000008200004002056600081009002670400001020000000000000400000000
001900000580060003000000109000840000164070500078006000300000000046001000000030097
000000000800970350000084000000000900200000081500019030050100400004000072720030809
010000000003580000000200090008010002000000600109057380000002170300000809002000500
000001000010704006300000080000000001420060000690002000900408073780090000030600004
705006200000080000000105000501007902000800500032000000000009003009732000007000060
080400090670500300000079000000038160000046008003000000700000000006090005010000709
742300000000700000010020009309082040800090020074000000000230090006010000000004360
302000070010003000457018000003040800540000160000020004001000200700000000060000035
000000003005046900000300570503290000026084000704000009000520004000030007000000020
000003140000584003000700000720010300801000090030000000000400900000900820040005000
070960802060000700500003090000500000006130000030020000000270381020005007000081500
006510080010040000005920004104000200050000400800000000008000090500000600260003010
000030651600000090001092700970003080008026503030008100000000000200017000305000000
100420000020000860603100000907000000040090310000080000230000000084000096006000004
120000070078000204005000100006000020010006807000004000002700090400000006650080000
049000300081095000030400080000007000200003041000000258000700012000050074000080900
904000010003009000500000000400501230290307000000002700000105304008004107005008000
940078000000501084000000500080703000000000003000000006008050400009600057703104000
000006000000000076009001000070000003500600004000000160001002030094700000050340900
000500006480003005090608400000940703000000600105300008700000300004000001003100080
750000600400080070080030000040000000675000000008029000024800700007290083000060900
497001800520000003000050000200910030000400200000000000081005700040870002000090400
000000000980605000600000000030251700250070003007803090000000980000060000078000120
820760005000029000000000000009300027000000001630000000900000003001830902300072068
030004000005000700060072005051000260007620503000905004000000010070060000000300000
098014000010750600060003004006800000000009300000030806009007401007300050000000930
006300000908060070000004000082970450090000003060000087030548060000000000005000020
000610900006070080000000020075060092002000000000052003100000060000890070008000001
000320000000001004901070600520000100000060030000000000009000362100050007006700040
000000901000901604070000000500000020200610750700200103030760509000009010020003000
003040070000207800104000900041020000000004000007000030905000100000013790000800002
720061400060840002000000078000000000081002004050008310230050000016000000045000007
002400003000000009000029056000041000000000104000500080005806030400010000030000005
200300908045070000007000000030090000400763000000000500000830620090000400600002700
090008000160430090050010032000000006080000014000000050000500301000086040300100020
300050000060210900000080020000000005080904003120300000006000000500000014900000800
020000007001000004008700000000080540000102600016504000503070000600005800040000003
000006000300400007000080064800910000000064910000300000406009000000800040130005070
360000009000500000100000050000001000000006730030908600000019005041000006007003004
000600000100020097000000000204000100005200700070003000001500009700090430040007610
700000050050000080601092000360001700820700000000300906000900807000100000000087002
000607008005000000810900000001000000000094600068000200400810000000050001070406000
060000900470000000000200401080000004020106050600500270090708600018004000000000000
000007014000205000300010270005000009030000000040003705800052000500030000020084300
000000409905000001800100070103000006006904000000610900500000007084000003031070800
200500007004300080807410000000060000000000000100000053780002006300000210460000300
100709020080506007007400000004800000800000500070600004000010060900000100506000000
180090030573480900049000007800000000705030864000001000000000005000610040000000700
060001200000003000901040000000000800054200000200010030009000320032609080006050000
005390000002470500000000000050000002100080070903002401000100308017500000000000004
008059002000060047730802590300000004040000600062000000020307000800000000005000006
007200000900070080000400030000000001000706000410009300006000902040000600130004070
049100000005027000301065400900000010007000500520000007062000000400003206700000004
001004002000000085006000000003902050020140008004008300030000000900050030012306004
700000302056020098800007100020605000000000050000203007000000000000071000009300571
010400000300000702009008000900000004730200009006001300600000000040600280000080401
000000000010534700070000800530700004000300096009040010050407100480000000067000003
000090040017200000000000000790006300004000810020080700069073002800069000173020000
000000020409001800006708009700200100005080090000009047004000508000000060670000014
009002030000000200000050047560007004403009000000304006001005009000023600200000010
004109050500004070700000600030010000009600000000038091800045000400001005000700000
000000005000250901000480030032040000000000200010509300600010000000900020003602040
070500004000000000000023900000000540020004039007200600038670000000300405000800007
000007000900010786600520904000100000018070200000000008509000460002700000004050807
009000000005006100020800000061900500000100040097080000800040010006000095004061008
000087500400000002000350000800040300000003070010000040309000004080000000002000715
070200003800004060000007000090000000500009000607080400400853706002070000000040089
201000000780000004060070023400000006000000710109000000600047092000096030000008007
010000006070310090300905400000601803007000000050000001000089000000060000004050900
506000000003400000070100000800903000009500000030740000900000301005001608080070054
000040560000030109500809040000400900000082000000103400053900600104020000908010050
007000004900000001001090300740802005000437000000005080305008900028500000000000000
000000007700030000000001458001009300940150000360000009000000100010068000080700000
020105000000040700003000001750400080081000000000700000807010023530000014012900000
001003058000000000294001000000000582030000000042000070009107300500040910100002000
500003006800020003703900040000007002000452000009800000000000500004700000907085004
030600000500070001821000000260000080378400000000500000003004620000027000040306007
007268400000000000060405100041809602002100709006002840000070000000004500020601000
000002100208040050076080000600008001000005007790000600900060200000090400000400000
504000000007060000263500000600400230000000009000007064409050020000003010301090007
060409000103005000024001000006000001010502008850100030000000000500000200000293400
684000050050000100007000604400070000078006000000010200500703060006100020000054003
020008006800000000907000030030001000006275000002600000079000300058930100600502000
941000028200000000080000040060001900810200004700400200020106000000908300003000006
000030090000000068000007530301029000000706000067300000000000650528090710600002800
000300020080000000000829300800700960060000580100000007000501000000980050013602090
030020000500608000860537200090012070008073900003000010000290000010006500000001000
015370080000500320000008000029650008807900000600000001030005000901000000006093070
003009080000200000610080003006003000000402300000060900070000201280006000100307400
200075040074900150001040230020030400000010000000000020180702900000080000040090070
840000020007000000300000905900082030003000000008040600000020543502000700400007062
000020001100084032000006050091000000006000084002040003900000000304000000080630000
000002300905004000010090600030009000098000430060000850104005002000008000000100000
000000805000060004000004003000085000007900000809406020200050900904700030006000008
076398400004506000000007000038005000000000000600400910009000007000030006000684001
208007500007092010010408000500000609000000100006000800085100900000000000679080000
830067091400000600000900070700000500000006100340000080500009700900001003080703006
010800400000000000700109005000000070080020000000403091000005000503090807000300000
081304700006080034000000100000603051000400000007000000003005080014900000008060000
504300070900705100000000060001000008405810730007490500300154000000000400000900000
030071005090002704001049002070020008420017030000000020000000000507080001300000000
002000730090054020057060000500300070000000649900000000000000082800030007000809050
900005007000000004000000060405092800000070000003004200500000020386500000020009503
600000780050800039809003200000010906900000803000000000000020000000031500072500190
060008300000030000000100080000000070820000006000000458300700100480510037010200004
007000000520700080100000000002000500060908012000610470601000000070000050800004900
000000040001800000009005701800000060720000000000040500007900004000608105008520900
508900000000010000460000000030690500007030000004057001000000010000840070010000360
960005002002006800100000004056120008300000050029000000000090681004500000000000009
000120900000430500008000000700000001903000000002510800000000007050091003000380004
006050000000003000052168000004000000003400120690010800000004009040009010005800060
000300000400000208102060000000080000500002000006005431005200800098500006610000009
090004000600500180840020000056003200000006010300040908030000000162000500500000000
710000008806050020200000160000000004500218000000000000070500000000600095000902640
007500000009007058040000920080000000005000043200000000002380100100409075000705080
900100004000057300070900680005000030040800000300405000000080713000019050000700900
013000609800000000005906008009800000050003000630240000080302000000090012940000000
020000000000820090005000083050060000204030005673000000000000000080050647306090058
700000450800040600530002000000000000902300000060400000000093748070060093000500060
000007000786200000050003100005000084402560030100070000800006052000804070000050000
007000000000040010860020740000400000520800000300000005086000070000200000043600821
000619807000000149000000000000700560080020000000060400840005910700000000590082700
000006300043520008002000400010000007007103864080060503700004000000000006100005000
201000600098000000000128090100060200000039008080700000000306400000010300400002016
078030600000076001600000800007003086003000470000000002500000010006002500031005704
000500000801000090000790103020000000030008201500004000000403000000010752000200009
008000000900031008706920000000700003000000000500010000600070500390060087002093106
600812407040000800002000000300006008070091600020380000000900702080000000010000009
501002000092180300080400000800000046635020000010009000903000001040906000006050000
000074500000020087000500020009010076006040805000800900070000400010008050050090100
003000005090000000001650049604510980008000000170000000450007000000900800000040100
830000070020000005000000008240793000000460090070050000480030020090008300003500006
800000032000016000006030800019004005024005000500000000000000040008200300040901000
600000050300859140000040080002000000500000460400096521000000000000060930000034610
000001000000450260000097030603900024050700096004060100306000000400000000200030010
000000081080740300000230700000054008000300000500000267800002013070160000060000005
071000000300060000400530000006040000000720013103000050815000000000400305000000200
000000730002003001000001000003800002004009010701020009000100000049002006200708004
030600000000010400070024000400700500000005790000060004000002100007030900009040236
090000070000150000402000000000402000000570600804610007000000008100000906700084501
250000003000000000800000007409207010000081900080005030000058104000000020007090800
067109040050006008040800015406001000000080900500000000001003000930000050000090070
050040000000300000200700000600210500075600012910050300003009400040000000100020070
060000000005003020000800050000300600039080000600007500740009002000000030090002078
030050000020000370000020000004300820000040600790000000300400080000005240500062900
000006020000700500074010080001008006000500200400000000000042970006007800200900001
000704090840000300000023000508000000710040000000000125080930070004001000100000980
700000300040602000000900005009501000000700092000003004230000000007000120500007039
017008200960200007000000040200900000070040860000000073100000090000000006020060408
007006200000302407000004000830000000000000010600000080300900040008401000740263900
005900200000800670376000090800006000000000030000010009020000050090180000050070800
000040001004700600007028000400030760100290000060000009006000400000860000080100900
607000020103000900000060040000001070008007002001000809200009030000730008000200710
003100070000000900000090001007400090040000085000900600000080560080005100071060003
017040000803100007040800300030600000270090038000012060000900010000004020900000000
010650000060020000002003070021700430000005600006000105200000000003290040000530000
000000000006350007005000000010009640302000900500001020720000010003900006000004090
008070090100300040200009070003400000800002000700010620000900000940167003001000000
000000200900000000047000860002080700800000504006070000600039008009700000000502309
203000054000000000709000020904000003500690072000003400082070090007960008600000030
038204500407000020005030007000042019020900800000100035080050000000001000050020000
000000603005036800100000000000000200239000580058100040001820430020640000000000100
503800000008001000000000056000010200901000000080007000035008000190050007000702003
000600000000002961001700050030000000960004520250070400000050000090000704070000030
008004000000009074001000380790400000000950106006000000603001007080040000007000000
000000003053609800608720009005006037030000095029001600000800000000002000002035000
007003082940000300080090060006400000000000400020000008300080610090030800002100000
700009000004000000001500020502000040006007500409108070000870000018900200000002009
010000040070000308009000000000005130000080900435000000098700000040000051003104002
300000070021000000054300000036000005070001800500007001480506300000010000000082500
680030000001800900049072600007000000000700180000060003300010290200600307000000061
400000320020000050805007049000014708100900030000500900002000004380000000074800000
001020060080090200300000000000500806138600400050000091000000015906000008200001000
045000000000000036098060500020900003000004980000300250030000000857000420004000078
000060030008020500000000006900200050040089100120006800000090000030500201050000369
906300005000087600070040003000700002045009080300002504000600000000400900800000007
020090840060000250000100009300006008604003520100020000000040000030805000000200900
680000500301000206007060018008090001000050090500013600000000932090030705000000000
050010900000008000008094020020600409600009012040000063309401000000850000000063000
010000008200104700806050409040002500500070000000006000900000001700000605080090204
007309004084170000000048500601000009000000000043000000009010060060000017308006090
004000090005000070079010600000000520000900000000540008081020006060007050020080010
000200000070080304004000010007010036400000028000000700015000047000350200820400600
000100002750006000009000000005000006208003057096002300000700508060080000000329000
000000000005206438800000920700905000000007003002063059000050070000638002000009006
600748150050600000010050000000300800300080476800000009000000040720003600000000907
031007060072009000060001000013000002020050073000006800000000050009060000000070030
000000000900000000200975000003000070009060301105040600007034920600020050000007006
000000017173000020000000490210860900300014800006093000000000074000000300000301080
004050981000140002700900000009020000000000070207019406000500004000604800800072000
510804000069502000004060508100600000006001007000400002000000006002905784000000290
000100040062000070830000005600417800003200000000005000200000087040000000006058300
004000102007003005005010000030040000720300050051000008000407610000860000000001003
059000300000400000040051087790013006000004000000700000030687000071500000800000009
007000600000000004006000800500068130010000000804500000940006700003090001050007080
053800402900000000200040936002060801400000003090000000000000018000050000148030209
672000000500680000030070000081000200700000045000067080400020050000031720005000000
008370506000900200300080040006000004400000000000030800040090002600800750035020080
000970400040000000000000203009800020010000600370000010060700002007698000000013080
401000608000000053000004000000000000000030070000716204830075000070001000102840006
000008059050060000003900001040020930600000012000080500030000000861409003004200000
300100008060870000050004000041000600006407030970060000005300480000001000094600000
000018040000030095800000000050040060030001000006500100068709000007800900300000000
000701009000008000730040000300000000002507000807090000010002070058000903400030520
000007000980000000670050094000500002093604000000000000002070050700020369000400000
000003807000000001200190050010020040050080300490000508007000005530000100001800090
410070008302000000080001000004000000605720004070005080000637000050004001200100000
900007040200004305080900071710090000000000200000043000009050003000200008007008009
000040000290000035030700080540020007000000060700000090056480900000000600002590008
000002009001003080402690000036407900007800002940020060000000170000000406000000000
500000002410020006090074000070540001000010900060000000000009000708050000040681750
008005000000000307006080000070030000000010643000000090095043000460100950000060008
000002080014006900090043060150060029000004050000500810000090003008000000200000000
090801600050000000002000030215034800800006002000000340401050003000000490000600050
000910805090582000000600000000200008000000070000300159200000360087000000600050000
003097000018500000049100720090040007000020000000078910000000342500000100000000009
040000000105000639060000100000050706000607200090400000000104070004090025000520000
000000000070060302200401000030000500705243000100000060020015000010902640507000000
016790000090001000700000800000002900850070300000306005000810590000053600000000070
000800460000206050000000010003007005072500800054300002100003000000000000400780620
372000800000600000009000000900040000410000300000709002004310060000004008060082103
280050307000001000000700059000008060030500800000290030010906020000005108000000090
600029040010040000000006007009260100000004000076000000900570620807000095520000000
060040900080319006000000000700080400000001000008600070506008000007596004000070001
407009200000270050000600300009000070500060030032008009000000000004000000000030568
600204000500008000080630000000000002010000000000006300400000001005802064007053800
500000397010703420000002100050200040060000000030190500000500200000400930600000005
000005000108000090300209700000102080070000050900830200000000100000704000004000003
009003000000620001002100500006070105400500090000040600005007000004009000001200003
000008075080000106000074020030002080000000500200000700000060000300000041150000237
600007500004000006000009007980040300000006050207000400032000080508000900060004002
000050000800400900000000600007003800108600050000000104034800760000700403000009008
000001000300002600041030200500000040402008000000900001850600900030000006000804000
920050000400006010076090000000020030500630000010007000030904260000000070690300001
810020067006090300000010020040000010000100000270000400907000800480003000002800070
000000300050760100000010000008006002010300980030000605870001060001500000095020070
300006001706500080000000704010009000608000003409800070001000400003008600870000090
009267000852000030000080000005920000000700000300006000008000002940000370070604508
007000000238000070000500300052008010801090030060000000000805096070000000005903701
100090000050300002000070100460003090005040060030602000501000004000900037700000500
000001320900800400000000000070000013021760900069000000000600090400003080017008004
600700240003000000504010080300000070000000108800000653002307000780060000005240007
000000000031870004074092806000980347000000000000000210006007080003000600200030091
500072000020000109300950400030000500400000090900000073000009030000600900607040002
000000095005860004900410860071008040609000050200004007000001020000007000000020080
000020004700000620104000500003019006000007050070205003500300400000050109000001000
000005010800090030000804000000403070570120004040700000000000200390081007000500180
300056000002800600504000000005000006008002001020061000000000000006720405800000013
260000000000030000170625003012350009004000000000009007690000000051902000400070600
010003050490007003000940700001305040000000370000290000005026000030400000000501600
090000000006007000070250001500901000000003000010062080080090600123006850000000000
000000000000230509020080040900800000000004000200506008640720890008000032070000600
500340900003000004010000056900702000704500200120600090040000000000000705206000400
500042010000030000073000000008000000000750430035908002090000001000294000200000700
050000801860070000900001370000007000000080054000109000000000008400050910008900406
200050007050807020400000000900000060060000400000040003086000002000030085530980000
500012009000030800000000007250086700700000000900200000690807310001300002020069000
000075600700403500850000000003000000000002000600050000000840096006000720900207805
000000400900000080405380000340100000780009501100807009000040670000500094070000100
095000400010000800608007000500100007009008604700409020170500900000000000800000006
900503680005000000086007002048051320602040100100000008000000873000000061004000000
051048009003000000870650000006000400040001000005900080008030710700006000090500000
000009800000000050539820040000000020201007038093000000000500003700400205000001070
700020080000000000830000900401000800020038040003090600000082700004017060900600204
200450190040100000009700000080040005057000008094000010000000060001598200000000000
910000005506090200030800000600000180700500009000000006000010703000029600002003001
694000050003000920000000000200095600069001008350080000000408000001060003000030040
800003500000000000061700000000548060003000090000000150500000870700156000340900000
041009057306400009009050000000501900000003080005694001070000040010700003000000008
040000000560000000003507408007000005930000600000000109001705900000901004050063700
000000060007000203000062407006009000080300005000028004300000070240007900908003000
000000000010060040025000800409002050500009008000740001057008600800400000290000700
000076900002000030070850000097032400038900500400080600000000000040009020000020008
307090000805300100060000009080070000040560090500000006000000040000400010070601580
056000000070528000000004000001000008000096100000802000200000710008200500405000060
020009500000000000600010000000000900000003017000095802270100009000000050305802700
000003000910000000400090700040380005008001040090004000507000486000007030600800500
030070052000000000005000841200300108000000304006700500000518200000000086007040000
000204001060009048000700200820090000019300000740000020000010000007406030008000000
000002030000000000086304200270580006400700310050403000500000803800000001000007600
000000020604015800028400070000804100406000085003060200000000010000300000001620700
096080507000791020000000000000000000057060030903020000000005600020130000000279005
000000000470000020000020593027041050804050009000000000000082040000510800300000007
000070200008000300290030000063900185905000000000700000020005710807000509031000800
000041008490008500000000907000090000000105070010000054009813006070000300800700005
602000000084005900700000800900640008000030670000802493060000500253008700800000000
001000000700030050603000000000000083000070100820000070500180230064000008100602500
180600500600000470040000001090805000400007000078010000000100063000964800000000040
002097000030040009000800000000520800020389005000000020080000270090030010005001090
802000004000000000050147800010500000000000000000960002008004006070010200009008050
940080000500600008001004057000000006010060070070900000000006004025400900000000160
080060000000000000200009054057004062160200008000005070072080095000001026000000000
000900000050000064960008000000600043005042008800003005006000702400800000700000030
085020090000500000007900004490060800028300070700009500000800600000007000000602400
000009200009315070400700013900004000005000001000000807104000300090020000700090004
090400000700500030500600400006000002030000000410000000000079006040360509002050300
087060000090021078005700091000287300000000020000005000030000000076802005000000200
850000091001000362000007500060001009000003070072060030039000000008000206000082000
008400030000800900000000000080300690630000007000007820000020701304706000019000000
023000006890100507000000000080000200059003001000820003030000870006000000570900030
006400009000030000137080000000040000900000058010506070400700000700059003500010080
000000100900002007000708000050016040006000000008400020019080400200000005507090001
000731004010000908004020350000159003000403090000000000000000010007040000030800209
009100000040076005760000020290000000607500000000900500000010060400260030000000200
000205000002000600370000018700020000000007031000630400000000000800064300026750804
000900500049120007000006200000000700500709306200000000020000000001060030093240010
000000000000070163005600700000040000500021070200000306000092004000010605104000090
370005000000070000065400008000540030000003000700601980800106040000854010003000000
701600300000000002006054007054000000000780000680000000000100070005008000002473501
650000020109400560070020000090700051000040900000000030000039000014000002700000000
005360080800900000930500070070000031080000600051008020210000000003050000000000100
060008000038900706070300095007250009056090000009013050001000000000000023000000107
703000000000900460000000000000057080060000040000008100008300009400000076900560010
000901806000080700000400520000806000509002100000000009000004000600500072100070480
000000600200901005000803020901000000080006210070100006000002809000670500105080000
007000040400007200008901060000000902046000010000009000200010006000400830030068100
406900800120000406000000000300290001040780900000043080007600000090002700000000600
000063000000500060500004000400200030086000000002000874007031028020400100040080000
007020010208700000009050400800007005700092030004310078000000000003009000000100003
009807000000040000428950007000002001000500000035071008100000089800200050057090000
000000000000900000026800051100380000005009802000500040004205000608130000002600034
000000706018000020605000000006950400009000008100000007090002000002807004500000090
005810000000940000094060005009000000500286104000000830900000280000000306600000000
000600500900050000000407000070000080504070960006041027015860090600209000000000000
007100000050002000000560090000001000070090040509637000025000070600010000000050961
060000572050020000070003048020000000000000604000300000081006050030014020702850060
000000050000780000080020010570302008800000090002091500060000273023067000000000000
000020490900003000070001360097000008000409030006000070020030700000000100160900000
520008300908000000000092501306000000001080002090005460004020800160000040000000000
009702008650000090001003050000008030000590800000000000008001002030000500906280300
068090000072800030000005000000070069037009400200500308700000090053000080009002000
050000000638090007047020005000800700200700040080004900000060000090008300020300000
001008060206053080000096700000000000392000000800000093010000020005710800080005070
010024000000009128000050000090000040028040500170005280605000400000000000000060901
400030000000245000001000007100050000200304005008000000090000402000190000300080000
600000000320000040905200016030000060008001230400002008040018000000306024000000690
006000000000600009000214070000900000000000300090400016740309102063100907500000004
800000076000000003000100200090000700052000069007020000005009020060050807780006100
060000100000005200019200004000000050000190042000000001001700009705004006020960030
000400000060802000000075001100000600050000012600030000004300500300080007027600030
030052000100000080908406000420001000000504008000000030305000000000900060001005900
020007083730680000050000000005703100000004030004108650000000006281000500060070000
507048000400007000000010000050900000000006008006270001009000800071052006600000700
000072000057008924010500000000056000000209000089014200000001640040000800006087100
000004008000000000090100020008000000430000950200050004002045030000009001080620090
000000000800000069000070215060050700000026090720108000000080106000260040200504000
409050016000080000380020000001000360030060051000008000000000509006000042900040000
006810009700302000092040000800100004000000630000030007010006400000000008040000190
050034000240006530006000190029340080000000000000008000000000010500483000084920300
000150006000074000250000003070400000840000000000000010300008050000026000706005240
070010306306700250950000400000005104000346000000000007060001000000000090200003000
020100000300000001000030000005061007030920140004700025001000953000097400000000070
000000040620000000900030050300200006400905003000000401000003080231800000080640010
700160500000000026000098700080000200007000060002703150030610000059030000008000000
000000080970800005040003000605070000000000076000900030000050200750090400800200003
000300042006014750050700001090050030000000000000000004900500023002006400070021006
000800000179000004380070200000001000000097000000003890003020100060000007800004069
003001080040000000000070000600000008100903060000005490007100650306009040401500003
980504700001000000000600500800000070570008406016040900009007003000000008000306000
900000400002000050000000360700900008000300005340050000030580074609470000000200080
003050009720000085000000700200048000100023008000070400800000140010000502009100000
010000000200030670000000300060000000000060530000510240020190000100046020900053410
010030070400720006930008002001070200306000000000800000200080010000641700060000300
000008007000090081800000506500040000740030109090060000400300070000050000000910064
007080010030000000000437000000004800040100002509870000300000004900001200025300980
000400027093000000500020000000035074000107000000600300010070040000004691030000005
000003008000076023000000000040010937001000200309004060084009000037001409000082000
002050700070206010501030000080502000000070901006103000005300007060900520000000000
000007006008040000060000050056030200200010003700004060000000007325000000480200030
007058000000902003500370000005490000600000000300000702006000037450009080708040020
078530060000010400230008500002050000000060004000004001000000000350070000004000203
802009001603010000500670000100090085306520900005001000200000800000000000000030600
010000007400027301603000904500704609000000000004900735000001000000036000090200000
087000090200000057000008100300090570069000210005002900703000000020010700090350000
020060050400103020305009100000904080030008040080000309000000090000000005019206000
900006002020030580064001300200900000381500040050010000010000020000000065000300000
580010300020000800060004105214600000030090080000001000090036000040000003000000500
004508026080020001500000000000342000036000000200000087105600000708010000000000500
036009000000000006000000972280007090500910007300500000070006329000020760000000008
600040001000207600000608000000700000004080090000000726000002900419000000072003008
000006800060078402108000000800300200005600030007510006030000000700001000642000000
010309004006540390900007000000400000009000800000000037005903701000000050800005006
000000065060307200470500090007000000000006002000410000000070600009040050005030019
060001000090050000300746005004670500000300000030020900002000063100090020070000000
700069305005480169000500000080790000371000000000800600090000000016000904007000000
500000000000000300009400007030010000090604080806000014301850040007000900004000006
080092000001700000250100400800009000005400070604008000500001600002900000000050200
000080700407600008000900006009000005060270000705003000306000000008030004000406000
125070000000000007084610003050000120043500608200080040070430000000000000038060000
000000054709080020800000000400201900310000000200703480000000000020000197000008340
100027980690000050002000000260009800005600040040501007000060100020004000000000070
700900040001000006400000903900000001100000700020000005300040000009520300050061400
700009508100040000430500001000800005004000600010000000650001934080000700000030000
165030008000000050704000000002050060601240000300080040528070030000000000407520000
100306080800010004063000002000000000009024050400651000030040000500003000008209000
000504900000008054000036700000705401000840093000000580010000009005090070047003000
017090800000400120240000706020004000800002004700086000002000000080005000091000200
170020030002060080000090100000600090800050710000900000007300800008070361600080005
200400100008000000400510060607000052150000000032000000700002010000704083004000005
300090020406300000219070000070010060068000004900000070002000308000007090000820000
009152000040000000052007000001570000600000000007080200200009060010708005000610090
800000109002803060000000005309540000500060300010002000000900000100080400095000006
480100007200400600907000000700000008000004160000000090800000470000900003010020800
000506000005000032000000801009300500100080200080200010901020006003601009040000000
035020000040905100209030067000500900904062700070100030007600040300000000000200000
030007020005008000070300106000000000068702009300590000000000090680000000002069070
100007000000000860632000907900300006000000000014000000740062300000008009020103700
059100020040070100070000600000801407007450809100060000012700000000000200090005000
006001900000049100000830000000064000900073000010000003070400002002600041009008760
008000041007000000100720830600000005400300000013050000070000400002108603301040000
001000000000340209070080040839000010000916000000000000000690000020000800914030002
000020000000300010070008200009003001020560008007200090090800050000016803000000079
420361000036050009000000004005000020090800000000000900062500800050004190000083005
000000500800050206260300000000010090090002001700060080506000003108200900000003800
001060080000007200900340000080902100070000000402010006300070900000006000700400000
000050000050170290000024100005209601001000540006400003004000000000607052000000709
005000600000281000100300000080506000050012000700000090008150003310000000000090760
200600070000000000300000408007000069010000030090010000000900000009803020060047800
080600000000080040520000076000408000000000520200097068007039000900000200600000080
309020160802460300074030000000200800000000020006100903000090200000000008007800001
000008002007050010610203000000000009820600703760000200000300006300007100000000098
000600400080100000004020619000002004521000090309080005290000000000000800608004020
300070000604080000900204800000009070020000090000007104001400003003090007069001400
706058000040000006800000710004000950090001070000000000001005600007016048000900200
090310000400000000210690000002000008900007100600080700000006024008230090000001800
200050060610300007000020008008200370004000006300000521800507000040060000003000000
080000023002510000000000000005004006003072005704000300010030607400600000038001400
004070000170000502300600009090300100000260000000040035000000250002900346000000900
000000000000680400000000007020008005400056008700040020800017000007005036050004200
002004010600000000001000956000900643400680000000000000800500160060030000090020500
000009407030504000800000000400100600060050800100000000900600038005300009004015006
000000005170000640020005700003010000000000060400002050007000590090300026500640307
089000000070004001000000063700900100000030008098016002012060809000000000000403000
000560080003008000000004000509030006700450003004900070000600001970001005005003700
000001090809040000000700004400080030002090406007600010000000200030000600170000000
700003000000000000800500000000006020002070000600100508200700001385040607060305200
005006480000000900030900000000000000690034000503000600400003000009710050017508300
000006000000000050000905800600000070008300009009020003003000906000070020000204500
100040059000006007507003406780000090000010000000507000036095000800000300000060000
000048000058000370000537600001000000004000000300072001200000080070605032100000700
000510243005003000000040005000000000300056000020400800014360002030800070000021060
080450009240090507000000000700002005000060020000300008060500004000030050007840306
008000002070000600900080170000026000635010080100000000310250000206030500000007000
000002700000400000980000102008000001240700058000000640890000007005068020000040000
003060009700010400900304002200000150067000900540009006050206000600000000000500300
094010006006702000702000030000000000083900061407000903108000004000080200020000007
000000009104080000067090400080000540005004600000100008070009160000000804201000700
923007100000080000060200300000000000018009000709100804080000012307000006000000709
070000030102904708500010900000000002000000001090500040007400080050170000004280000
000730004000090082803400509900003800030071040000004000305020008000007090200000000
000000008700900000194380000000000030000700004002000500407210300830490005900003700
600350000000000080740002000000000400000006700080000090430060000806095003052004600
000000506400000037000070800560700000310500900800091005000005109000084000000910060
060000900009408070000020300020000640004000008070000200007590020400000700003070065
000000307004059000000000200203800009750020010019000003190000400070000000800500002
000000250000000007400000000000051000051040008070000900020005060108206000640017080
008600300001000049640001000020040900094003008060072030000000000300800020000000007
500000000034010000000756002000002009060100047009040300005020700040670200000009003
040000030081000260900004081009510008800000002010690000000000000300280400000900003
000008050160000048000400001050600070000000903000030860007000000000760030003900410
000920307000000090010067050000000180000000009065000200000800000070003500200796008
009030802000000000300000007400600900905004603803520004000000009002080306000006780
000040000001200800000893000500908000400100000702050009080000902050304710070000000
005002000103060000006810000009600002052000007700000091000008000000235080001090300
186003000000000005000000046000000809009700000030900560008001900060030400410807050
002000000930000700700003006210500007400000003007020604009450001100070000000000050
890000600061020009400080000008000004600000801040000596000000007004001200072695400
040903502003502400070400080300000000090000014000100000720800900000004000509700000
060519000900002000700000000000000000009008007800765002006000820000080701010300509
006001000014003060700000008000200000830097000902000000020000407090070000108009030
060073290000000000004000000000900600803600420070032000002000809009060300040800160
000007000002060530001300000740000805605070021000530706130850000000000000000200600
000002010000510000300070000002100040057640390006000170040920700005000000700003400
001250030086000000000008000003800040020010000058040090035004001000001450800000206
000000300029047108006900704000000049002000000000076000000008001000130900007000020
001904050000100000000076040080000029004000670007002000000007090010800005450029000
000601000000030004009000007180007000970405601000300000004100000010954008000008000
092705804700060000005004600089002500400000070020083000000007000800020000000000405
000300008600000509100007600000036000500102000000570100000005070850090006002700000
010000000000012390000390507806000100000800000000050700002001003050207000100036000
000000801000500063000079000000200000290036000000951000106003080000015670007000002
