300000000405089000002004001004600102020040509007500603009008005501037000700000000
405000903030007040801030207040601000009000400000208010506070804020400090304000605
500930804070450020100000000000604012760000085290805000000000008080046050605082003
100600007007210000004008350003060012050301070240090600018400900000039100500002004
000001009600200000070090503008002090130004805005003010050030904300400000000008007
800390070700008000023010050097100000000040600085600000039050010100009000500470090
506080004004602500080000076010703080800090003060408020650000030008306700900070401
500080007082704060000500080030107850800090004047308020020005000050901740400020003
070000050500708004103090708000000000045000180007030200000000000028304670400050002
050400300003005409241000760080090001000608000700020040078000524504700600002004030
000306870260000040800540000300705104005000700601804003000028007020000035094103000
100005003076094020000700010430080500010402030009060074020009000090810240800200009
940000057700400308083000200000921080000803000010567000004000510801009004260000073
200000805003015000900200070040986700020503090006421080080004007000150300402000009
000500600050903070000060890070400000580020039000006010091080000060309080003007000
005607000004300586002000007000470600900000000000860200009000003003700491008503000
000801056070090043000003020000007105000509000409300000030200000160050070540108000
000007000054000080006850120400020300008305900007040001063079800010000640000200000
140080062080632050200000003008000100002309700000708000070000020650000018000050000
010079000040080673020003000408107000150000067000506804000900050695010080000320090
301000902006109000200000075050714030000806000010592080140000007000905300805000409
904500806030000020201030405000109007009000200300802000108060902090000040503007608
600050300570006200300804900090630000000000050050280000900501600430008100100090500
000000000056000804400830106000010900840506027007020000504063001102000480000000000
047000890003010600050000020804105906001060500060020070730000048000000000900604005
002000500805010409010060070000000000000578000087090240300104006000000000100786003
436000007000400802080067005007010090009308100010090700200540070103006000700000421
485700002000008001006520809050000107004000900801000030307094500100600000500007496
706000030003600005009001026005019600000560001004083200008002064001900002502000010
290000003005000602046002780009415000000607000000293400034100260901000800600000091
500089023600310700090000000900020030270503061030070009000000070006035002710840006
006407100020501030501000708000000000050203080000879000102000506000000000800326004
040702060000000000520000031401209506000000000000145000350806029000030000700504008
075004000000150004001003206106402090090070080020805401608300500400018000000500120
060170000070005238050008000026010004100809002500060780000400010694500020000086090
036409150004103700071502830180904067600030008002000400000040000000806000060000040
601000803007600000403000679000473050000501000020869000362000405000006700509000306
500009081670020590020380000900000300043000720002000008000036040091040052460500009
000001740500908600160750000740000590005000400026000018000087064003504007097600000
009018000007600200060070000200930807910000024608021003000050090004007300000890700
400020003017005040005800670050000700700080004009000010063007900090200430800090005
000598000020600030004001600102060043300809005850020701005100300030006020000473000
300049700000000806000820035030510000001000040060380000000260079000000203100078500
004760000000902300020014006096000013803000705510000480900830020007605000000049500
100000008740000035600705001030000090070608020200070003024000380000394000090000060
605070003020000040004590108000020600502708901008050000406015700050000010900080304
007002940900740300142000807600000020030060090020000001704000583006093004013500200
100029438846001020200000010780060000900308005000090083090000001010800769678910002
010000040007000900968000213000090000083000720009302100000807000700906001005010400
600008052107000000008209170401030200000401000002070406083607500000000907750100008
000320000068005090002890670090000503504000807306000010059081400040500920000049000
009600020845002076000000000000460058007003060000970043000000000976008032002300090
420800703000025106530006000054000009060000010200000670000100037803570000102008095
600710003080400010004020800000000034407060509320000000001080600090005070200097001
009000400040530970780000003000328040030704010090165000600000024021047030008000100
028006400006070302940002067501000000080000020000000108260800013804090200009600850
020000010907050002001006780003107000070080060000509300035700400700090208060000050
000690004003051060960000270600000500040000030001000008016000042070160900500078000
510300008020080671090410000000000405046000130309000000000053010972060050100004069
002004080583007060000010025340060000006901400000020097230040000070100836010300900
204000013308000500000002004600430050002001600900280070000007008109000400406000035
260800000001040082504000000020907000070203040000405010000000609910030700000008024
000000042500280937800000000408502000015006000309708000700000000600420581000000074
201000004073025000040006700007000930000000001008000460090003800026019000305000009
908004001010000030004302905703405800000090000001803206309106700020000090400200108
007106034400000000920070801200009000008000600000500002706080093000000006590607200
002000800080417030700602001000000000025000190070020080090000010206000503004501600
000009840500403000706000300610307020000010000090605038002000706000108009071200000
050970400000000700040002905901048000006010200000260108307800040005000000004023010
210605003080300517050000000500407031000060000740509006000000050479006020100208079
100300540000714000200000060010080900002000006060090800400000010000149000700600290
007000100030000049000240800051906030008000000094702060000860200080000017009000600
140800007073002048000040020050109003008060100200403090010020000380700450500008019
070001040904002008001540390840000100009050700005000083032017800100200905090600070
094107560200030008005000700000000000102040906730802015953000842000000000000080000
049805230000309000003000400500010008080702010402000907300020001000538000000000000
000035072002007009030000000008240100600000905003570800040000000007008006000063041
605780102009600000800009065008000043100000009540000800450200008000007600307045901
020070480100480009407001300004000060250000093070000800006200507700068004091030020
850309002000060080420080000608005000010000078904003000540020000000030090180904006
061000870790000065000070000000803000035712640008645100586000724000020000300000001
801069002090024050000700009340000800960000043007000025500003000030680010400190206
001860000003001000004053617089000004602000901500000320928130400000700500000029100
867920005000600009002030708000000072903000106210000000106040200700006000500081643
075010003060004950200005401000000104980000000000000607300008705020006340059020006
205008006080100030007300804700806140000000000061704009106003700050007080300200501
043001060156000032000060018600050000007604800000080001430090000290000573060800290
080000020070000090490501036009103800000207000160040057008324100030000040000000000
081400500000000706960700008000137805000206000208594000100005032806000000004001980
007940000040000920050701003006307208400090005703804100100208030072000060000069700
400087006021090000800300700010005408000000000507900030005008003000070920200450001
090000720108000060000802300059067004004500000061089003000908500802000070030000810
001370600000008000605100308050030204400807005309020060102006903000900000007084500
900001402000900600632000700100629040000508000050437006006000518005006000408100007
009000670400907300730500009050409780000050000093702010900004062002605001014000500
900410708001800000806705910007000362300000005582000100043908501000003400709042003
009007200087210090200005076706000050030000080020000701810700009060082140002400800
031092000008050006007680241200000800849000625006000009312078900900030500000240180
430010067006000100000050000090000030010308070000040000020000050500604002801205706
008000040612940080000200091000801460070030020096704000150008000080079614060000500
004052000070069350060003001735000000140000039000000572600900040093540060000620800
070010030900060008300802007800050002000000000005607400000134000004000800012905370
000201000056900010000008706080000032900300600020000075000005107037600090000807000
020091000678000000000000004035870400000103809012450300000000001294000000060045000
054080000000090840090604001005009608001000090003006502030105006000070380047060000
000003610790000050403800900800734100000501000005629008009006302030000069042300000
405900300100000000009200040600000053900704006230000007090007800000000001001005204
800007004000051900070230000940000300065080740001000069000092050006710000500600001
090300068800200031630070000000000007002810040000000003160090000300700056070100082
000030040040500009681000000065002800000008905072003400738000000020400003000010060
600571003400000007000030000000205000850000094070000050203907105080314060004000700
600705003024603510900000008000000000000901000370000062200040007090000030805309406
000407000048000610050060040000090000600040002901206504000030000070901020096070450
070020830401085006200000090090456000620809013000132060040000001800510302017060040
002900400000102000100046007095070024008403700270090180900730006000209000006004900
000000000000178000200536001003724100400000003007000400030962010908000602004010500
209004080080000000503020000090507260060800000050601940904010000030000000806009030
906005003010003250020006008231508000000000000000901782600400010049100060100300405
030080900008300105790000040000198060800206004010453000080000091104005700006030050
049000870075000620800090003000143000010507080700080006000401000007000400001239500
000006031030005900010090060096300072000000000041500089020030090060001400000008053
034200806000007000700900100000005308005802700802600000006008001000500000507004230
043008000002096307080000026470302000090000030000809045560000070307560100000200560
106000024300002700090300001080529400000807000009146070900005030001900005520000906
000870060080600070006005410094060000867000234000040190075400300020009040010057000
004300000000201060100860350640000030005020000370000090800130470000607010009400000
003002500080600020907500406700060240000904000068010003206007108030006050005400600
007006000060024790040500006490050800030401050006070039600009070059710060000200900
004358600308000705000000000000090000200706003700000004460502087010804060050000040
905201607810000029000030000000050000002000100300609005030000040108090203060000080
430029001016800059900000000000000197509300020000000365600000000021500086850096002
508060091700105000000870006070000480809000107043000020600031000000207003320080504
003020000069005040007009836085602000700030008000708510246100900050900260000060300
502001006000457100040002005735000010080000050020000437800200060009745000200600509
800025039350610080000300000500000920290070061016000005000004000030061047780290006
200000930640800000010900007024050060500000090038070020050300002480500000300000510
800301005000000000007942100070216050040000020090050060001070900000405000200030004
020930700098051023100040090010000007964000182800000030050010008340580670006097050
900100002030086410010050000060000004027000150500000020000030080075210040800004007
100038900982000050050070004000007000600293008000600000800040070040000295003720001
300009020100705300720000001900200000076080950000007008800000076002801009030400002
080400730100600005704000900000010027000302000610090000001000208200008003039005040
071023000004708006000050073640000010708000409090000062150080000400302600000540390
050020001006005803000079000390000068000000000720000039000180000109700600200050040
002005004507060003000001800000210050021007390000830060000006700709020006004003009
500080004800507006090601030705409603430000012000000000009000300000070000308000407
020800100015000326940002050002060003000238000700040200070100062258000710004007030
680350001203010004000800000060008900000000010070002600000400000307090005590680007
000000049001000052040030800700061000092703001800024000030090500005000096000000073
420100385300250007100003000001602098060000040850701600000900003900016004632004079
000201460612007030400008010984000005000010000200000946040100008020600754096704000
400600537530401020800000000020090045000503000950080010000000001060802079741009002
200018095600000000004056200708105000501000802000209107006590300000000009840720006
064000010300240000700005600907000082005080300280000906006500009000027005050000740
030054010702680003000300060200000830390000052014000009040005000900046507070830020
000940100004150000509000340000010087890604013670080000053000208000061700006032000
900430106000000300460002000009604005500070002600209700000300019002000000306045007
000030020300589400096702100023000840850000012064000970001907680007863001080010000
400000608008049003020060000040030100590000087001090060000070030100420500902000004
000201800001039000302008910658000009030000080100000745045700106000180500006304000
030004900006705004208000650370108060000000000010906073063000509400801300001600040
180200007090806035000001000031000059000080000850000240000100000740308010200009063
000430100009000400430019060005908003304000708200503900060390075003000600008062000
006008010501690800080000054800705030030060090020309007460000020008034901010900400
000000000640050013070803090060718050900502007000060000703000602000976000500000001
700009000530080002094000030100805000400013028200904000016000070920070006300008000
907000105000060000804000209000000000001934700020108030009000300000070000000802000
000000100074130050500007030006090080030206070090010400060300002080071940005000000
000000000102097008900280710500100900030009240800700500600420870409075006000000000
901800076402700000006000124000683042000907000370512000869000400000008905540006208
040200060680090523070036000004000009065080370800000200000360090326070048010002030
020850000500900000000043020001030750203000001009080240000095080600100000040670000
000456000000301000900020006100030002603204907240709061060000010000543000020000030
100600502000030600690200000000503701020090050305802000000007046003060000209001005
006010000080900510092000803000391080300206009060745000409000160071009020000030400
203409007004070200090300061500000902080000010907000003140006090005090300300805106
004000895005900060100600000006080970000720004008090120400100000009800030003000218
000600030903070600070238010008000309096000540401000200050129080007040105010007000
080000300009805100004013000020009004060000901050001007003026000006708400010000200
540006002000081007000305000816000200030000090002000648000604000100590000900200016
098000460500048002400690001030000800064070150001000020300056004900430008047000230
000913000000000000073080510030207040021000790000000000006000200000841000780050039
420750039300000002000034000007905003509000201200103700000590000100000007760012054
800105002012040590060002010109607004050000080200509301070900060038050120600801005
870003000060205080002010063000000100580760000000000400009080045040902010130004000
087002000004590007009000283200070040040206030030040002571000400400025100000400390
507000964230900010800001007008549030000708000040312800400100003060005082152000609
960000274200500903130700000000201630000000000017309000000008045701006009452000061
060000050097000860050080040241000985079000430000000000005431200000809000004206500
704000002000004900190003405000300760065007089000200540570002804000006300203000006
950030082000912000004807100000608000020040010809000307000000000006109200098000430
400000052806009000009035870082050000005301700000080240064190500000700608270000004
009075140106003000700090052420000000507000304000000017340080001000200406091350200
690075004000902005002000700780030050900801006010090032001000200200408000800720019
080123050509008003000700060930000108700000009208000076060002000100300402020859030
040000010302000608780000032000541000000000000030000080010070050806050104094208370
063090000009108006001600249020000480900000007056000030894001700600403100000070820
900000804042009070807050290080060000005103700000070080079040103010200460204000008
000060800080000120931780600000070300803196204009030000006023571027000080008040000
507400000000008006900307000098040600003705900002030840000803009600200000000009301
651400000000700080084500900800000630070000020096000008002005740030006000000004312
002000008604010030000200570000900850005374900021005000016008000090040702300000100
000003840105200000804970250200000180009040700081000005012035408000001903068400000
302090006007005800090070041080050000605902107000030090870020060003500400100080203
000700600060421070107000200020507049070030010510608030002000307030275060004006000
040060008000050130200000060490008020300106009020500086030000005089030000500010040
080600000050400783029005400008304021000080000130509600005900170912003060000001030
000501000040600970087004100908106043000000000460207509006700320053009010000302000
000400000080096004009007361200000040000640017900000030006005472070068009000200000
090000020804007306020604080015806200000000000002409850060301040201900608080000030
050200000070030965010506000001704306090000050302608700000107090925060040000005080
004200800052100030700045091007000012005000900910000300360720009040008720009003100
000020100006509000708100930030050640400801002087040010074008201000402300003010000
000005630700080400420070000500010000031702560000030009000060025006040003078900000
780000000003000508009480200090051000007200093060043000004570800008000406950000000
610070000040000060700809500006500901000090000001300207900603800070000030260080000
000002030514300080002070540100080020009506400050090008021030800090001756060900000
005000210900250800263800509000000160020060090049000000804003721002041008036000900
000140080108005700074002150083000005700000001200000890056700310001600907090014000
000780025000000691006105030004970000301002000007510000003201070000000916000460053
950000601004100007100506090002908360000000000086205400030401002800002900607000054
000300020102004800000100000040703062080000057020409018000500000406002100000600030
400003807003004900780001060834010000000802000000070638050300042009200300308100005
000300000170000040093160002002410700010020900004750800031290007480000060000800000
075043980800000603430000005300010000100925004000030006700000058908000002054380170
064003200005000007102007943206108000000000000000306105391800504500000600008500390
006070100000603000250000097000000000000385000000196000028907560160000084035000920
100000234300506000800310000030207480002040100085601070000075003000408009674000001
090705300030400195250003000106000043000070000340000802000200038583007010002608050
080000040034605970290040056000102000000060000008703100000000000002309500300456007
040000092906200530002095000800000400000107060700000300008019000307800210010000079
000000000040502030030080050600709003002030900050401080090618020001040300008090500
975000200400602080000000000002403007030020040700908600000000000050109004006000798
000906020142000080000028040809070002003409800400080603090730000070000234080204000
020000000036007015005041760092050000004209800000010270079180500250700480000000090
400021098210900060000064000809000070701000902040000801000730000060008039980410005
000509010675100090000064070907000034004030100180000609090640000040002561020708000
001068530750019460460000009340000000820000045000000023500000091036120074082790300
009408000000060800038725106504000601081000730903000405302851960006030000000602300
065300000000800507073004206006020098000607000230080700309100670402006000000005380
800700604056042080900600030090070406010409020604020050030007002080390540109004008
800679005000000300069302100405010206900206004601030907004503680008000000300428001
030020050700000009908000203500762008809050306000080000000090000207000801005201400
000000000020090010047000650850613072300080001090705030002000700000902000030104060
000510360670420090300908000003000257460000083597000600000209001010056029025041000
790000006000704108010230000040070390005308600073050080000067020206905000400000061
063100000008090003000005069005706002070030050300502400720900000600080500000001930
028000100004008002301060798030809000009030200000207030516090807200500600003000510
006008740000750102000090000540000010012070350060000029000030000605027000078600200
103002805000360000200008006506080090030904060040050103600200009000035000305600201
021070300000900005703050408000803010608000902070601000905060201400009000007080560
920070804070400052804900300000000680400000009069000000003007105790001030108040076
708200601000080000500004007007915008020608070800372400300400006000050000604009805
004020009750001000009004200040200103800500070070300904008002400420006000007080006
730956021260000039000000000100803005900040007500607008000000000310000072650321094
040301060600007901070060000720030005006402300400080072000050020207800003010709080
607905408800040006420000035074000120300000007060403080000000000000139000000756000
546000038700608904010300002090000310000090000057000090200009080109204003860000429
000850029100000007700490000086003090307000605015008070600780000500000008000210056
000500000002408500054600730010000329000010000943000070026003150009205800000006000
030207000001000003007090510900508006005020300400103007049070200800000700000906030
510087009020003165030000000250801000800000004000409012000000080982300050100790043
003000600000504000201000809000000000500807006804206701600702005020000040000908000
060001090120030068000650000500060900076923150002040007000096000930010076050800020
800700035570060080003028100006000008031000740700000900007380400050090073360002009
008409600000000000000601000000000000089103460640000021504000207000507000012060530
809100000503004000000509030005020081002406700130050200040708000000300407000005308
320050009000800302095102400004000910200080003036000200002704530107005000600010094
750206034320000561040000000500923008000604000400187006000000010615000097970401025
000500000016037000005010092800109053000000800300408079001060087093081000000900000
300460200001300007059000006000102000800000300000907000034000005006800004700520100
000308000408706305002000600000802000230090084100070009070010040020409010000000000
000090012400010076000200480800056300000000000001420005078002000350040008210030000
075093010108000003000000086700010000300562001000040009520000000800000605060250890
600027081740900050003000900800070030100809005070010009006000400020006073510340006
800009045964010020000040070200070000056402780000090002010080000040050638380200004
001000700806070209009000600100925006408000502000704000020153090003090100000000000
800050306000700000459008700000020540000803000043090000004600951000001000306070004
300400207001070000705902480007000105050000040604000300086307501000080700403005009
100402059237000060000000070600324007000106000300795006060000000040000738710809004
002910300009067000500040016070000008328000549900000030710030005000750600004026700
003470000800000010257000000400203080020007640500908020315000000700000060004580000
000008670700003800280406000391000700000000000005000342000804031003700008042900000
004000100800090003010208050070080040500602001009475800700060004000000000402907308
590104087007000500042050190000603000820000041000000000308000409060542030000000000
207900000490010002000030080046800000010000090000009740070050000800090026000003507
050000010037000620001725900009482700000030000310000049000258000070603090200000006
800057004070001290020048000945000000607000103000000759000490070012700030700310006
000490000094000006000016304000800603700340100000200905000052409046000002000180000
201003070004080106050071009000500000000397000000004000100930060803060900020100708
200010000030000592007900600000153009000060007000749006008300400060000913300070000
005000600000690000401500809000030780080407010023050000102005403000072000008000100
000000000063157040008302760041903570020000030089605410035204100070531690000000000
200830019100020000003001800009010008450302067800090200002600400000070005730049002
093002400000700002000050130830000050070090020120000040000060390000500006046008700
900002175600080000300407000703106900080020050006804703000208007000070006867300002
020609000000203604190000800900400080070000000600700010340000500000305102050907000
000067450246000070500300010800506100100000004005703002030005009050000781084670000
008020700107604905400010008009000500000000000305000609080305010920801056000000000
002001030680000010004630807900103600007000100001204009408019500010000028070800400
745003109000050704910080005400000000032000510000000006500090032204060000309100458
002091560603700000500080093100000020405000609020000007240030006000007801051940300
090002400004800901128000570800206050000090000070508002087000213501003800003100040
000070000002901400040000030031000680907000204005000900000000000004050100860010075
060050240900024007102060500080000000251000793000000020006090305400670008079080060
300410006005096000004805720083000904240000078709000210056308100000640300900052007
030095000020106039009400700350000810900030004061000092005007200240308070000940080
410072008080100976060050000300000080604000509020000004000080090948007010100940023
000902050650180070000640000200000469079000580465000003000067000030094027090208000
000000020600170300042059800008030090073926580090080700005460130001093008030000000
200500039805900000000036050007020081003809200420050600090740000000008904680005003
008026300600005800010000006060800090000300274070200080090000005800002100004031900
700083006020504390030670000850000620204000908076000053000032080047805030300490005
780004003000009806023070400290040000004201500000080094005060140609400000400100069
000000000038965070004007380089040050020851040040090760017200500090613420000000000
390100000008007010206000307000200054000000000630009000504000806020600500000008029
065004080300096001000500002450208700020000010009407023800009000500370008040600930
007092540400307000800040007760203050208000609040609078900020005000906004024730800
002000100830105046010403050608000504070509030000601000000704000104206907000010000
032600010600093002007050604040000001029000580300000020901030200400270005070006840
805002700032060401000000000700003010010409000400001020000000000049070105607005200
400000009096040030000596080003409600061000340004608200010763000070050920300000006
700000006083045010001700420090306800070000030006107050037004200010570360800000007
160900000200004000084150000510003000300040001000200039000085240000300007000001083
000030000010070050000409000700000009530080026001304800300746002000000000106902307
200307001090802030450000087305601804000000000024000160060000040100070008000090000
807000029030000000005974006000090300009487000000030700003851002050000000702000083
540300008000095004002010700020060001074103690900080030003070100200830000700001025
860100073105900008000060010000406057006000100790205000080040000400001509950008036
820000701006009005901002640048601000000020000000405860059100206600500400704000013
103007006020003750070020009960010000001705900000040012300050040095400080800200501
060170000008260907030000010000030091690805023510020000050000040904086100000041080
050000000003700901047980250000020870001806500024070000089017640306004700000000010
090060040042000530801000206700904001003501400400000007160000083000897000000000000
000205000004078300020030040690020003087106290500090068010080030005410900000503000
320076905000003001700890000150000800403000209008000036000067008900300000807940013
015068040800902006000000002720509060400000007060407031900000000600203005040670920
103800006080000000009570028900000002004002067700000004002140073010000000407900005
020000840609004703840500020010040500000309000005010090030005062201700304096000080
034000500005010607670000034000932000090806050000154000240000016803060400007000980
904030501018000030307000869000203000500010002000807000735000408040000920802040706
608501002040600950010000003500403097000000000960702005800000030021004060400209708
070000090000607000000109000090000010006903500043010680020080050005302900800504003
000000040430709000001000500080090250900230807050060490005000900720901000000000060
400390008007000000008705160004609305100040007306507900071406500000000400600052003
006407030800000000007039601403216008005304200600895703301740800000000004060108300
037401690001806200000000000000000000600000005302000901050702040090000070060958010
000030000004709100020104090580000034300507001000020000210000068000080000005672300
230704061010000090800000007096010840001030700028060150000103000000000000040508070
900003508053000070600590030400901800001030600005608002060012005080000710107800006
000004930103000700690730010200050800007821600008070003080067059002000306069500000
006904200005107400804060301000609000590802067000000000010508030000000000460000019
906000701020000050080209060008000200002831500000905000000408000803070409000050000
507090002040530760030000004000010040380609075020050000200000050056027010400080306
030050000090060070705003092900000035003040000800000064609008041010020050020070000
061007200000010907370006008605030000010502030000040705200100086406070000008900370
507003000030910600108004030010608004000000000600705010040300108003086040000500903
500308061201000000004000270300040008000682000400070009043000100000000904820405006
206080409009201500007000200000514000005607300000000000000000000043020860002305900
008751004400003100010840000090010080820000000040060030050130000200007400001486007
040000090060108050109000602000539000708000509025000410091807230000050000000241000
000008020840029650029050100270000000036000870000000043002010360018370092060400000
502900086300000000000605004003806201000030000105209600200508000000000007750004109
006008090000090800030020060900270030010903040070046001090080070002060000080500600
030008060400260907060970000900000310053000470016000005000019020607034009090700050
700005601056030920490060050300000000085000130000000004070080013028010490903200005
073020610900604007040000080000507000400000008000000000090060030050492060680305072
409750001000000600020309005002030907900504008806010200200805010008000000700062809
042307180000090000000106000400608009000000000290000034070901020000000000018020960
002001000000600070400025008010200046643000500070100089700039001000500030006004000
000002060000050030089073010204000000500901004000000801070340950060090000050200000
040012068280007005000005000014000506000000010073000802000006000750008001060023089
082305000007090001000006038709060005040208090500070302860900000200080700000501980
003409510900000000105708902508000401000000000302000806406802109000000004091503200
805000900001400006960801500000005600090000254000003100130604700008500009704000800
001402090300015000000700005590000307020000060406000019900001000000560004070204800
600000024930021050000609000019804200040010070005703460000207000080950042260000003
800700205201600480000000000160000043000908001580000029000000000704800910300500708
000806000003070200070901040090010020004000100050209030500080002012000950840000016
960000102000000000300005690020900310090040000010500820500002970000000000640000508
002000000045806720017000589060315040000209000020687050853000610076108290000000300
813000002009010804020700035000070300070403010001080000480005070307040500100000426
009070300000800900713060402000205070105000203020107000907050621001006000008020500
060230040800000003001807600004372805200106004506948200005403700700000001080021030
000600000050301620068009400036408051000000000580102740005700280017504090000003000
040612050008000200000304000210706085600105009700040006300090008005070900000000000
700290308083000060500300020000030205900804001108070000070009003020000840309018002
000050280068000000140700000004902600730000920001503700310400000085000000000030160
006000020189030040004900368000701800030090010001803000493002700070040183010000400
300070000000690053012000000905100304000080000806005901000000870760049000000020005
007000000005830000000604038001020940090708020062050700120903000000085600000000200
005070200340000017800000006700304002000090000053702460008050900000010000060000030
000724000004000000005080170300509001109000408400807003012050300000000800000463000
680040013000050000014000970063508140000169000000000000000274000045000730001000600
000008270760400090800203000406030920000906000035010408000507006070004059041300000
090401000008000302074830610400070506005306200902040001023084960609000100000902050
703050042908000000000400087000309500600000008009207000120006000000000106370010204
070050620800376005500000000080704010620000034040201050000000001400512008063090040
500000000470209080800000743000100050048090360050008000235000008090504036000000007
450608012000905000600020007300090008040501090000000000030706080920000071570000046
000850007010200060067000000800901470420000000600408390092000000040500080000710006
305700604001003008040050000000004900008030001000001400090060000004002006102500809
406150023100002000000006001043205008500040006200801740800700000000500002950028304
000438200000000500873002900501706004600080002400503106005300418008000000004819000
056003400090200071100004005502070080000501000010030209200900008840006020003800560
803700506000040019050000200400030000030800005200060000010000300000050027702300104
000050930970413050300200000010000740760090025035000010000005003080371092093080000
000409000000007083730000600805041090000000200102078060650000700000006045000803000
006795000004030080090000000408300760030050000102900450080000000007060030003147000
080007430205300007400016090504701080003000700060905301050670004800003906071800020
400000003030890070009374100003705620068000730045206900006413200020057040300000001
409003701000020000803000409200070000090412060000090005702000503000030000304200806
000000700062497010507000940070346050050702030040519080029000105010265390005000000
002900040300274000007000102090725061060109080170836050408000600000387004030001500
070908020005070900003000100001040200040000070039167450000000000014080390000439000
408500017700010000002007603005306008040000020800201400506100200000090001180002504
020307080006000500000040000068000720000090000100528009000000000030401090251000438
800409001030070060040638070000000000002000700009705600590000012000804000400010007
091500040070000020008910006000700000809605704000008000900072100080000070010006390
072506090406900003009000456800000045000010000940000001568000700700002504010807630
320040906005100007600090030000361090903502704010974000030020008100003600509010043
203600400080300005005020060000200006800009072000700009001030050060900001509800600
805004039760003020000050006130000000009020800000000017500080000080700094410200508
090002548008005300300010000000000702003906800204000000000050006009100200126800090
002050907000367250000200038087000000001000600000000790270005000013786000805020400
583000090000700000600589000002000079930006500008000014200341000000900000841000020
400600059701000000009320710000408301005060400804103000082036100000000803170005002
000085900008109000705000080000200350300007009000600120607000090001903000000054600
030004060507130009000020050700601030012050980040208006070080000800065407050300020
005700000030001520060584007013805609008060400406302150300457010071200040000006700
407000800000703000000000720056038040020010080030270950085000000000107000003000201
703084905020030040400005002507000000180000036000000104600100003090020060804960501
000502000300000002001000900040010020600804007500269001004000700903701805006000200
010000500050010637237090100000307000023050940000902000009060421184020050002000070
700002601005860000400903050608000170070000020042000508050704006000085300204300005
010024300000001050720900000076040000800000006000030810000003091090700000007860030
000650200006708305000000007310040600080003000270080900000000009008402503000590800
042301670100060002009000100910206085420000061600000009000759000006403900090000020
307050008060290050004000207000000060850030021070000000706000900040073080900010504
400000008068207050000003060046802070000010000070509180030100000050308910200000006
304806209000090000050040010006305800000000000040201060000030000002104600680000041
020300470730920085100400000000000358040000090918000000000006003360045019051009040
100509706059003010200801090691000204000000000305000861010908007070200130506107008
000109000000070000010504080032000860900000003700201005006807400001090600007306500
500017063300600700067800400200000140700000002046000009002009650003002004910470008
000000030260017080009600200050908100090050060003204050004006800020490016030000000
300400706080106000000090000001980004490500000005760003000040000050309000700800609
080000001002010405700000030008400690060207000003800170800000060001060807030000004
000006000030020516620309000000105008008090100500704000000502031492030070000900000
200091300800020060005000002080000940009000605030000210006000008900030070100072500
003900780900804000400000001040060037000108000350040010700000002000706008086005400
408000079730000620020130008000020700001493200004070000500086010083000052190000806
005000200003786900090000080080000030620000041000268000000040000074609510000805000
300000040040000609006100053007800014921003000008200037009400071010000802700000090
050106400000070005600508000503000106010090020702000309000907002900010000007602030
080900010001607000070013080007060190050309800008040270090056020006104000010200030
400050009920100000008000003006009701800000050004007208009000005380600000100070004
095020000030009456060005007041090000500403008000080290400900060953700040000040510
502600087100370000009000306000020098090801050820090000903000800000036002240008701
900810007020009610050007000079608003200000006500704120000500090097300050400081002
800056021571000040009000830700204000300060007000703002097000500080000913630890004
030420710100700004700190000000000376503000409964000000000019008200007003091083060
200000007706010205050000010060109050004020700090507040071000520305000806000000000
001308506002170000000000080060000840090005000050000320000000090005680000009401607
085060001000051604000700300050080000300200000040030000000300400000017208061090007
000000820900620004300000790032980000809400000014760000700000910200510008000000260
003000090875001460010300085060080300000263000002050040350008020048600539090000700
000906700008010000905008410109070003030601070600050801047100905000060300006307000
302409000050100209010523000000000710100030082000000940070385000080900307903702000
005000300000060450034000008097025000040001070021093000078000005000010940006000700
846003207090001030000000000009030800601200000002060700000000000010004060267005908
900080700064000008072009004000070050405000080000060030041007003098000006200030900
901007002027000130030000049700624000000301000000579008250000080074000320800200601
000700004000180030000000175290046000060000050000570098428000000010058000900003000
029100700000040030000005006004500302000000090006800107000003008000010050013200400
008000300450000069020060040040020080230801074100000002800607003500090008090000010
130900802008100005900700040000000457000000000314000000090006003800005700405003061
057016400000000005600504003801632500500108009002795801100907002700000000008250140
079006003605200900800007040000000020000138000010000000040700001003004706700800430
405010002030040000000700340009001650000030000006007830000900210070020000904050006
000000780003009002791000600000100068008900100000300045165000800007003001000000490
400000070000007083060093401890705100200080000530206700080079206000004019300000050
060000050048000630107000804000070000000000000490305076009467500080153060003000400
100000793900001200762080100020406000007020300000809020001090875009300002576000009
704102605960000041001070300309705406040916070000030000020000090000000000000869000
035006400002000008600700031900030800000569000004010002410005009500000100003200680
003004000012900380080007069406000030000000000020000601940800010078006940000700200
308006005010040206020100000050300100009060030040900700060400000080030501905001007
000040000108050403700000005060080010003102900070906040490010036000407000007000100
106040000000107004003006000090004106300000008802500030000400900700201000000060302
000004060690053000080090005500008709010000300700005402060040003420087000000009070
240000007600000900007300150070280000403105209000073060024009500009000004100000093
609250000000090510000000006706900300800500970402700800000000004000070130503460000
000003200080106750540802000879000320000020000061000579000905087098207010006400000
006030200000000000080000050005803900007901300020507060050609030400208006260000017
000080000023710806400300150005000030907030608030000900092007001708091340000050000
108000000000006095964000000010085036807060209590320010000000671670400000000000902
005004001300060400008050073904003000000780060807005000001070026700010500003006009
007001042291300000000000600600100000900253006000004007004000000000008975830700200
700030005000708000620000079100603004000050000003000800306090107000204000009000600
