000000140100003065000000703306014000000070001500000020703500000052006070060900304
601070900200001000000090000000003507850960200070800000100600050000000001530000790
007600000080709200100040060200000701000900000000270008700500000014000072902000806
010080000060025800009006000050600000002000003000000600003057206080001050700800900
200070510600300200005029307700092006000006090000510004000030000506000000004000000
000040000000000000016530007980000030300710004000005700009057600034960001100000000
809400000000100540030008700203050007080002000000890000001000000094007200000000090
000960000300000000090027500000000003003001025509004067004009000070500000060432000
000000109150000000200300008000010096900000000000600231040093800000240500003180002
020400800390000070000700630200000000980000000070080000005830006040000200000640057
000806001000000780000000059648007015007000000051080007090005040700600902010000000
200800000461000000000000469002900037000000008803001000090000706380700900100000040
040000709900000000000050300001800004534009006600700000100000548000010030079000001
100000060000080000083790400000000590070900081010005003600073000000000059000000608
006000001052600008800540000020400030510380007000060000047000002000000600000070154
000001470026590000700600090003000709005000163000000020107020000050000030060000205
000590000500000000000800031000103400701900000002000800040000009107000024300005108
000000000000010708658040001800020004002700800107005300000030010000058007000000206
020047600807030000400020087060004930000590020300600004000080000903000000000000009
400200067003001502790400000001000008900000000300000000040008090200004001000690070
000000970000008000103006400000900060030000104008057000050004810610070000000030000
000400003806000000000002050008010320001000060090840010020000630040000205000300094
012740000000010009070000020000160398000003001000970600600000030300800012000000800
040800006036000000000001504003400090050002600024000000900004005000050008080009000
091004050000005004080000000000900030015403700007006800030500009400000000058310000
507001000410000000003604000040800500002573060000406201801000030005000800600000000
581900000009000000420000000600700500000005004004010908070000000805200709200060800
000700000807400010306000000540100000000000006201570000000250400000817200080004700
580000070400000853006300000200000000090000365038000007320050608000409000004000000
000009700000060000000741069710002405000000000020608090050004002000080004000250170
046000000308000000010004032430000000080302067002000000900016000720803001000200009
800160400105000090040090600030570008000040000000000007003080710007600003000000056
080100004030000900006948005090000673001000050007800090000703800000000700000060030
900001000020000400508900000030002080000000091089300540002000000340000900806000013
004900800560040907070106400100000020986000500020087600010000000708000000090002000
485010000000000409006050010601000040043000000002000908054000000000500200200008063
008614000090000000205900000010008000567000010000000040000005021052060009004089000
305000090602000050700000000007005230201700009006008100500290000020850010000007900
010000060200000001706090802067020509120000600000080000000008000390060007002000093
000020048206500000000090006025000407008000050000900320009030060000005900780000000
001020060320041050000003400000230090000804100500000600000182000000006030000000809
090600004700000800000000000050000020008090000040002905900400360403007080026008070
000153970020900010000020005200500063056000197000000000603700209000600000000009041
500200000000000561000000000000003005000072030046051020410300006070060094205400000
000800000000000560000005108062004009000050043000021000040000082008039000003400006
000000607030020009020900400000006002200470901000000060000800000100007040093102006
300500807850047100160080000002600710080030500640000008200103000000002000000000600
000004070840106000710000602600001900000520000009000200000800000060050000050000810
602054109005083000080000000000009800450000001000000620006000043098000210004000500
030097100000300000024016007000280000000003640000000300002071069000000008008900700
670009000000000050008032090204005060005040079093080000007400000300500600900000400
700530000000006000000041000640900007070800100000000035300005001004160050900080006
206000900900070008007090026602530400000009500003780009000040005080000000000200000
009050201000690008000800043068000002000000100042000000000109600500002000600040030
000900758000005090000010000010006040000040300000030001008400009030800065950007000
050900000002503840408000053000200000003000408000040700009070000007460080600008900
801000000002510600700300045000000050014002003020000001080000060200000008070004300
000000080980001002620870900200000001007000504805040000000050190000000050400100607
002600004340520000800000000003000800690040020000000000050309000006008370008060250
001680000000014000000003079034070006610009000070000098000000260009000003007006000
042009000010200400000060082300005100000000000500182090008000001600000058003900000
070000150105807002034005090000970000000030000901000000007450008500021000090080040
000100000000090005790502830070000083051030000000070200000700019000280000006000000
300050000025100000600009340000000004100800000000530902003000001000005280009640050
700100040001048000080602000600000000000084900000009170029400000000000000407300060
104000900952000000080500004009020060020000000600030059400006018005000000008190003
190580000300107000508000007800000020002003040931052800000700530000000000050020000
800430000000067900000005040001670080008513706000000030000040005009050308000008690
340570000009000060070002000013000000000000700060713540500020030030400050906000000
500000000400000290006000010200400008900530460000800000020014300060309080050000900
000006000000800000620407018000030764700100005005004003070002040000500807000000230
000005010640007800000009004000903108000000000406170009000400700805006001000800305
849006000302000000000000530000609100280050000906083000000000601010290004005000000
100089007002000090005100200850700400039000700040531900000008030000000000007000000
000602000200380004038107500050000000100506000006000001074000000002004036600050010
000050000008200009009003100000706021000081003800500070670020000000000500280000000
000000406000400380608000900030820000500609000007304000009000860700000024250000000
190000060024000010000000000760005090009000000040130000000001600000502403357960001
000000000300800900056007001043080500000090060800000100037000000490000300108706000
001000200000500040802000060700004002090102700000069500070000000600000010400280000
500002000090005403604007090906003728000000004807000000038000900070040200000000080
060091308000000000030080020600700243004002001900000000370600000000000104400007000
200000601003000000000008305000300800126040000080000206070580002001020070560704000
000000900030000000000040050006100003050000274093000500301600000020300100040009007
000309002800006003054700080040000900580000000000060070070602000400500200009030400
091000000006040051200008000000700000842006009065100820007000000020000060100005000
004206000000000009007000106000000000000001000060504970056003714003010250702005000
000020000030009001780030000020400800003207096000006040000601008000080062010000070
203080091090401300008200000500800204902000000001006000000003000000000640000060503
060054000000000006008000043004020000070000000390805000050006700000900004932000000
003500070502000000089030400000080007030062000020004000864009030070000002000000800
000000900000008000067901020070000402000160090000090000000080240205704160804000000
090000000300000700210450000000030045020001000430900000541070900070006300900000000
900070602046010800000000040000000500010040007080500060000090008102065900000000700
000060004080900013000003000004008006009000002870102009000001000000600000107204080
008700040700002900003060507300000002007000600600850000000000720000086004000004059
620000009500001600001000020000002015906000008800007004700100002008000000000560080
100000090002704100035006000400005010200401000500030700000090000007060500090000300
000605003208040070070300040106000200050003600000002408007500000000000000400000300
408900000000000800000024003090030060603000000850000409000000396000206050009400001
000000006007009000000000709050008000800160000600094507504000891060000005020000040
070408050903500100050103000700060001030000086041300700000000030009000060000000409
800032701040005008000078026008500060450001000003007000307000000200000004060000007
020954003090000000001000602010000000005000300060030008000060081080043200009008005
000600700700200108000705000000100500000000080250000091005009000010007305003006820
400000380005006100361000000000003000706000020008020000804030207200000054000005008
000083500006100030800470000000642010030010040020008600000000050700004380200700000
020004970005009000098000240019030000080000000007900020040017000000025008300400000
080000000400000000500062000900005040807000005000600807040050906000000700003781500
009200061020009800306701000000000920000000000090000300030500086002970530050080002
018003076000000900000510000000000000000006700670000405000704009700030010063081050
000040209090600000000000000004017092007002003080000001600000000300900468000480030
000790050100005720009800004000200000090150000020007300500040200000009407000000030
000300200530020090000009701070000300000201800000800009000900000100006050050700106
004060008700800005093007100000000013000408000000050000067380000105609000008071000
006002070000007080008300000000123750000054061000600000500080000300070500074000006
090030000000000000040900020086400010001080630000000040100000083030004200002600007
005800009600000001000067800008020000000381005010009620000705000000093010003000002
070801004400320080010000200000080340140000500200700090309100850000000020000000003
000000801000090000080400000300000006000905040710804000801000700034100050000650000
020100704500400060900203000030000000000000035000000609040060001003004000200901306
010006000400980100800207000020000090764005002000600010000040070900000400007000020
400000000050900000603000000082000000000804000700005026940002030076030045500040072
059000207010000860806000000000000018000020040500000600000002000071690000060850070
000801004480000000020000506052000000000000000300704050000400008640008200001302047
000870000980005000264000070006040900801002000000918000002000700000407000040000290
400500000001000005600012900000291000090360040000000000250000460300000700700140050
000003900000081007014720000500000000000000701008000300001072800009018240040900000
080410905000000080900500000002105070000980542000070009000000067700060001060091004
000000002000267090000080400000000320010009700079426810027000980000900047000800030
500980000200003009306020000005034000000000060007000382000500837000400000008000050
000000060695200001200040000900000108400592000000400000010000000000960000000135009
004000002260500790090100500100080607700000000000014080000468070000020000000907400
004000020050000960090027401970000000000000043000060700000000000706300500415070609
004200009060045000103800200000300100600000000540090000906108034020006000000900000
009045000004000002000000080060510024000902000800000000045100309003000006010000000
000903005005000007700800000003001080810500004000040000000097120080405000300200000
009050000460010000317004060601000000000900200030001000750300001000500070000020900
104000005806000390000000062000050609000000040280006100609002050010060004540900000
000600420000209000900038000000382000000000090000001300700006008480070030206000140
600700050051083090090000061460001007908007000000300000000000006000000010000960800
000092037006070000008300510009200185007056002001000000000009008000080000050000700
005000000030105700000030800600000504000300100700809300008040000000700900040006007
024000000000003105016070000005004000079600020040000700000050000000001200750940003
260010300107000000000000092000030780004000003089000060070004019000602004000008200
000100087001003260500042100103085020200000001864010300002000000000400500040000000
000007100400620000730000000300000000005086000010050240100000030080571006006308000
030000040000400780900076105050000000803094070000300010000900000000503090370068000
000006340000700000000000000800000005002030000053800201600007000780200006004010850
000850100100034020009000000800002700000300040000507000304000001010009200000400580
090870000700205004001900080142000009005400000000001700000100020204380000080007000
000020940002700000400590308608200409000000000007065030000089060500000870000000002
001800003780600009000001070003000001900700000006000000017063028300520000809070030
821003070000000015000000000700000001000000456456200000500000037000000000017850064
000072698001000000000906400000000700074000063008000000406090070300400001007010000
080000000005700093007004005000240000900000000000180002008051400200900307090000500
050009802014072050700600000000000000001008029040006000000000260008000004905207180
000400000100020700800007020500016040001800003000340002000208000700000030060503480
003000006000000240100630007000000025500000000002010670087450032005380000000061804
000731800034089001000050006518090700003007000096514000050108000007940000000000000
400200150070040080100003006000072000010000000080000204003800010000500000027100530
096000050000000600000010080103000000000034708000700900710090006040070300300485001
010900600000000000300000000084090107690701804007040026000000000000120008701608400
902036500000200000073004009000700900500049002200000013000005400000600000000070061
500079002000300000000000513000002109600000020000704000420105630000000004700090000
920874000000001043000250000010008004000007090000900020000000500570080009001035072
250069007790205000008000000000706900100000000086050000901000004020400780000002000
020908030509006007000100000030090008106005070000830060205000000000000010713000000
000000003008763000090000000040090000000042090900630120001009200070000941000406080
004703096000810302007000100060008700003000900020000004039000080000000001108000630
009860001000059030063007005070100390090000000050070000200000670000000010038000000
000004000900560300000000198001030500056070000000040089047090800000000000000006034
000000030008015000100307000000078405000600080500100900000003100701000060400900000
200000050050300100408000000500000000000400600063000004000000082009805003002031009
603009000450000000000000410000004706000620053020010000004000900910500002002000000
038070920000405708004008500050004870001009300203500000000091040000000000319000000
000009048580100790000020100000240001000000800020018050000300085000000007043050900
000050000530002000004160200000009162000000700001700903009200534600090000000004001
402000086090060200108070000000002004070030020000080010600040030007690400000103060
000590008230170000070000010762000003080300000000000002000786900003905060000000020
400000760010900000050031000936010002000097040005200300000703000000500004009000000
000706000490013067000048000100000708634000000009051040073080000010007000000090005
000100003104052000063004000200009064090000200000080000850693000002500000001000006
970602040180970005040005000000000407000090000800000010009100000560400009700200058
200100068609050001000008007007000305005600000020010000830009010706080000090000000
083004500700809004045073602006000809037040206009002040000030000000000000004007000
040000080070001420800026017007000000620019000009082001010074030900000008000000000
000205074067000005008000000000000600000840001000006780105002000076083010002000050
600000500070300000050002096000801000200070000008209300090015800180000000065003000
000040306050000000200000007074000130020009000390000500000090700016034000005170002
370010800690007300001008050043000060000700000800056000700030000009100000000045000
000008500900000800007035060320000000015006000708000950000050030600000070072000010
000000000040608300200740008000100609030007002009200000423000000670002040800070000
000930001316020900008004070600800007004000000802396004901000000087000000000060000
000086400000007000000400216700004000620100000409500000978000050060821000000005040
300500079060000040040600002000003000200000000600400003007800000006790050980245300
000400000007800030200000060010002000000000070006540320000608000302050008058070001
007000000010502600006000300350201800000036000060000001000700008030080205001009700
000000030020005198010002000000000807700080400080001020031500900970003000000090042
070000000004800030000500000132008074800920001000000080500014090300000040000009708
800000900300010200015008000070000800030000010040503000007000308000020100020000074
000090000470300000015060090700850019008013000000040000050900000001000008906530074
008006000000207090002000630390070000704500320006309400080000000600000050030000268
700004016040000009036050008060405000057060030000000000570000000004801000098036000
060003090078000000000000342040000701001604000030100020000000463000890100000000000
000536800000080000080104560050002009000600250028010006300059000000400300001260000
000403000006000370390700010800690000000802140002140600040080000008900000700000400
003000500904700006086050092000000000209000453060209000000406200000073000000908000
000067010200000000000090000056040000003006007007102000401000005079015003000400009
009200000000000000000950000907000003020030790500080026760300002130005080008601030
900600500000400000001000670000080790800000040070000201080020000005004060046000058
004300510008106007300009600031070004709000068006008000100000050000004000000007800
002000900000500068100600042059004000000010007620005000800176000405028000000000000
400020000000001000000006000000100403026070090000608000010300702930000680007000040
003920000520000004609034020007100040400000500050000739000540010000200600060000000
020008400004100600100000080030000207000603008080000039010002000009000704706010000
500000000120700040000840000940050008780001503003000000000900081000107000000003007
002800045000060300900005001000400850000923010000000003010000006800546000004000080
584002007007800004002009030000000003000000900609000400058400000090030600700000000
000002000006000400082050300000087050900603000000000986000700090000006005075800040
820000000059300004000000020002000600000008000400095708740600000008040000596080007
500300104003000005860000000000002000080075600070010020000000018000000030357800200
038076000026004000700000000000402950000905308305008240802600000040000030000009000
008205004000900580700014900004502601060009005095000802000000000080000140000600000
065900007702000490003020580900840020200600050600009000500300000080470000000080000
001008000000060000602130000060900050400806090500003000000040020930001004100095000
000090000000100500004500231009020150000000908100870400000080300092005000070200000
708092100002600008005300000070000000139007002006005090900000506001000000000000907
010030009500028300034009000000000005120050000040203010809500000000000040050000070
000870050006005734001600000000000000603080000000162000002000800030000070870400500
000000920000060000030210006061000002490000310008000009006820050240500000500009000
000038006000006700970050300017000000000000000008403000540300600609045080000001000
004600070002000950980004002000005000020069500100020007600780000000000061000000000
470000001006004009020005700091600200200050060037102040760900000900000000000000000
000000000900430000003902080201090004009006302030208107000070000000000400098003600
100300000002905010560000300050000000700000003000078005300002090086000020900000106
070090000001043006830071500000085109000000003000000400450000800089000007003000050
008030020301650400400201000005006108003010004902000003009000000000009006000080030
000010040009005000000407280082300000030059700010000800070000050000200000003000090
000250000000108030080090000105600907300907000000000000000829000070001600028070050
000000095730080000090000006080300000005700000600000900004018300000050010010003054
000700605000380049000004000063807000000603000040200960000970508900500000000036007
402086705000010080601000002005000090200070000008005000000000000076400000504109200
000000000480000000000207609906800007070502086200000530009000005000000308030006070
000004001000002000102500800005080100809000206401706009600109000000040000004078600
090000104100000000000000756005300009000004000930170600200000930000002005014000060
020013004000500003810000005001600000070000008430000060700050000080000200042038050
009008007070000000063004801018700034900000020030000000297800000100000640000000000
000003700109050000040009000700000060090207431010005020000790000032401006000006000
020000309059006000100500060360000010000240000091000000000070001700032600406009000
700000000003000000206000900000570000060002007005400820400098000300060070059020003
230000004004852000000090500000020900000030000000508002100300000300000005980700310
000087001005000009076003002000600000000009070093002050600000000002901000807000200
005086037040020000000050004003000106020000000600000500008300045100070600004200000
280000000000309000090000076600000084930004007000702091310970000070001000008000000
007000050000010000300006084803000641140000079005000003000500700000000005400003060
000002030000900100000010520570620004010000050000004002000091000300000006049000270
000000040000007005040005010076001300050800000010000820700006280030170000065300000
520006001000030000003000509009000860000910302000800000600000004214000906090000000
000000190002400000081000350098002003000090070570000000050984000004000000000700020
090700100000580000000002940072040000009028000100000308040003201000000090053400070
000409005000080010490007003700000000056731000010500000509813006030065000080000000
000500306000670040000014500000000000600342009300001005260000790000790000000000064
008103000005020400100705000500800000802500000017406050200000040601000038040000010
007000000613000000000705800002800500040010000100046003006200000020108700050070000
450073890006090400000100005000001060500000000060000170701008000008046003000000908
060105700098020000500700608000050006000000080000800450009006504010907000000000069
000043700003007001700692005000204000500000040030000060600050200070000100100069003
000507000005104000000090040240000010038000570900070000501430000000709800000050002
500802000060000000000597060300000000009083007000270100008601020070050000900000000
904060000000000106000502700129340000000900000600025070700004009000710030400039060
900001020060000000000300009000027640470000000008009000306908070010000490804000200
080000043509000208000120900000000870003054000008001000300007020000400000000290005
050102000000400070000000806000000000340006008865300204030000000210030500000000700
080020090000000000700803062091700080000508000002000900060007000007600050000085400
030806000020100070009000400007040000900000804800200001093400000070000000004001006
900000031080700040000090000001600000040100078003080002000000024104000009026000003
000280006906047200000003500739000000004000089060000000000030600008900070002000000
000700900700030008002006000090500020804320507007840000026400000300000200040000005
045378900700040010200000000403027009820400530500000070000809000000150000300000000
006500700000007400000638000000000530108400600000001008000004307800100020700026005
000203000081600002007080005000340000004000150000000007402001030000000000300752060
850070060300000251000001000000006710000008400000000008073080625006010074000000000
000000078009004000060050093030070000000200706005400000352700000096080040000600009
002730000100009370004100006000000000000000004200090001090450003000006050350001600
004000007800000001020000380978001040340800005000009000005930000000004523700000004
700000083000004500300059100408090300006008090900530010650070000000040000000000800
000000080040002603000078000008900000020080700600050800000340009900000036005020000
000000100080006000023700090060490000300008000700210080070809010001600040249100000
708050000600007020000000600000106050001000000907024008000000500004001007005092080
508000901920400060100080700000950800000067004000000020000000000040000050009001407
600001000000035100075000480500200000704000600000000000300040800860070010200006037
008004000096000031300000000602000309000000005980020000140006000000340900000000082
000000710000000060000048000000050682000060004018000050200600000009007040071002900
075900001001002095900700028007000009008000000000200000009000086080560007040081000
000000073000406090800000200406700000070052406059003000030000020000000809200000050
800000000109730000007408009310007800000250010200010400500904000000170005004000000
074080000000000201000632000008046000006700900030900000010090300003000007480000016
000600043000730080620000010301400008060009000409000000010074000000000100080000009
003028000080930000200010000000004002000080165000001030520000000010000409900600250
409006030070000000600470508800000000006002005020069000205007806030000000000004200
003100005000040030100908070500004800000080750406071900000000000900006080730000060
007300090002900104600500200100000500406002000009006001005000000001209000700000030
409003800860000000000000600000020001003090060700000409020000080040080200600070093
000062000000005000017090000050000060004900005700000401340027000002400050005100006
000000570000005003000820400700109830890000010000000709000073000004008021030002900
700050000014207005009000007500000000000120000008090000000900670086010009020680004
001970030500024900006300041965000000200000079030000000040090000302005000000000010
800400300100003000004007608010035006080000000040690000006078090700009010000000000
200503170000072000000000400000000820000068010003000064006200003000086000050001700
001900502000200010000030000007000004500190300060025900005000000300700100090312000
005091020610000000078035016006700000100050000800000000000000060500007809300980207
090063040000400000015070000000000000000000610800000093001300000049500008608007500
000260005000804000000007060800000003000700602000030800024001057501000006080043000
005013000000000001092400070000004000500020003000007000008700090009850100030002805
023000050709010608000000100050908000200060000081702300016000009905000806800000000
000007000000283000019000000400020070700508000032000000000100380300050790005704002
015000300000000020000043007100000260070600008050200000030002680041000000700006001
045070000000200008102903000903008005050300000080001000010090000007000040004005802
000050040068001000400000900000000068180090000000006030002080000050900400030040520
200000000000000600500900002900603000600070380003050007107380200000120800050007000
305002008910008000000091200000004000030000064091053000008000049000000500050080000
003000050000600009500008400104060005000000806900080042290000610006300000308000000
080010003000009704700300096000140000053080009040000058000000800490030000530000000
300000620008460007069200080000050000800000700006000040204005800000900304007030000
093020040500073000280040700000002000000390817000007050000080000002009004000000539
000000008000000071007090000004108000100000603000003004219060300600042090400300000
000000002600040050020006908013000000000000000598000016030000089060002300100009005
000509021004070000910000300000043010002100083700020005000000000408005007000204000
009600015080004600500001000807000460060100090030040000000700031070000000300000009
000008060001700004900061000670000080500004012020500009700009005000200007000010490
700950006800000030000100050670000008005001760040000009030670000000000683004000001
200000005000578004007000600070004080035700010160800000000060100000200000010305002
708430000000590800000000040300047005090200000600009408400020090050000002007000030
652000000000007500800003000000600000107000000360200100030001480001800270040300050
600500002209000801005000000000010706000026000700009000002000100806100490000067208
001030280500200300000004005000100040040000000003508000870001003100000820060070000
800001070000002000000000090200890010000040050500000407090008005007010820000067049
804000000000400060010050038030000050100000087006007000050090603000805900370100000
890000007000200050010900008307002006009108000006000800030070100000000002000009570
000000000001008050036000080080204000400030020009600000040005901000800205090301000
000010003069000170000000020000003000027005800908070050000000035000107000000830906
810000600200000093047900800002004100406070009000000000000001406000700900080006007
006032800840001000500004003000040000900000000000000098450100920601020040020000600
002005070090072604000000001470500032060001000900403000510000063000000000000090000
000060007072000040003000010000800090004000003308002001000401902009006030480003760
000900870200000030510070004045000307080000195000000000029000008400095000001000000
725060008080001620010040900100604000006000000000000200500020800000705000000008107
000009104100000009400307260021900000930000000040006000200000700007608903009004000
900000030080500740000900085073085000000300000021090008000402000000000913010000070
000504900012008000090700060000000000020010508700000204000050010000096005600000700
072100064086004005000050000004200000600500030230007000008710000000305000740006000
030000004005000006000000970004000000003004509001053080090000000100900657500108000
010000009398000040004000086000230090070018060000000100709003020060000000820900000
003004000009507040004960000000806000400000039067030000000190000701008000080005006
000000020000800500037061000063007000000000075400030106000000000708000400500640000
000070600800064007065203000583092000040500000092300000000000000400000206300856004
060000510020930600500000002003000760800073090906800201000169000000080000000000009
000000740807000050000400302060000000003600000000204073350000000004081005078000260
200060401000405700000071530003000090401090000000003000509000320004000005120000000
000000800080000327301700000006010480000000000700030501000061070400000000002043060
000040000608701000100000256900002870270008900005000000850000042090400510000000000
003500010800600043016000089600907054045030790071060030004180000000004000000000000
700520090006000050002000008500004000029000560001000020900006072400050016000700800
080200000300700000007000160000000500004070008201000670020000000006102705040508010
300040000600001200049008000000810490000000000500090000006000180005002030018600540
000010090006970010000008000600004000200050007070006208000000001017095400000200609
000000001002080000000061500020400070000007006907200840080090152009000000100020009
000000005007014090480705060000000071015000009740000300804000000091000507600300000
500743000000109000000050000009006400300500060650301700000000050100805006700000008
001040000004063000080000320007000000000000501020005000008700006040300015105082007
860010000007030010401705030000060000006000003000400007000901000080050700030008154
056700040003000002908500000080004000060000000200900400000000003790060500005080904
006000000000000320000005470020009000000041007190300540010000602003020000500603009
000000049500300060090510007400030200000000700000400050701050002302060900049200000
410000007003170000805000000000006075000000690080010000007040000036800900100960000
000000003010306258070020000000705300900080600000200090000001080730050061000000002
100000000005168000370504200062300700000000030810000006057000000000000461640000050
600005000000002007090004300026000001150000000004100700067200109500003600400070000
000030000004760008050040090009007000000810005006005003900100054600074180000000006
400000957090008010000503408800000000005010000600000000001040065376000800000030001
000520000000000000002167000000030067800010050025008000006300005701680400280000010
908070003030000000570690080000000390002000604050000008400060730300000002000007009
004008003080002000000047200900010304007080601008000000009000400600300000710090000
000002073030007600600009000309000040001000000400020800013000020204160900760000001
160000300040000002008000190800096000000400003096003500010900400200060000039000006
204500600070008500050604073617000004035007801000000000000001085400002000003000000
300000407910046800000080006490070150803090700007400090040000000000003000000900000
000000903008094200040060070000200010000300007000010029103080004000007030902000800
500090600020078010000530000000000100000000090017000300003020900009057800006081005
000000002200050069060040070002000000000300400009000000000500700035607080800020504
397206000602009500040030000000000000005020080080004900700400005060300090000000620
000500007000003095000090040060048023000027000000600000096004030002076008700000500
500000700100030020390280000800000007030000010007306005906000000785000000020050008
108000000000000700007504000009000010402008070050309008015203400800017520000050000
200000193300000074000000000000000900100000306000302050010460000906050007034910500
020003000001000035000000100000300060008007001000261007900082000500000600130900520
040800306007005000906070045600900000500634000000002000000500003004009000000380290
020003000081020750000600080000150600000706000000240001600000040250060100000500008
005010006803000000000000009300005000000000120758006030000301000500000060006900801
500010007970000200200000865059100000860020070301080000000007900000003006000000080
340087500000020000578000000804000712200000000061000800600000305030000070000074200
000900308003670210078010005000000000010000080000235900000003800300020060000700000
600008004000620800000010000201005007704100602509000000000700000007850000002009080
000000070900207300201000004030010000000004060000802400006008030000931008000600940
580024000600800000102600004200008000000040000038001520000002140860300200000090000
003206400007850102000400030085000000040000208102000000000000800004180700510040600
003048090501023608000000010000000000150692000200405000605000030009800000080000200
000100000000004670000003000050006830694007500003000090000549000805060400100008000
700000004040061520602040003000900000000017000000230000970003406560004230200000905
080000001200308500010704020000430009000200004008900207004000892050009000000100040
006070009840061000000050010010000000003000670900006003000300050051000800700000900
400090001002400090000000068930600042000800000560000000020000100300900004890300500
008200014000704050900830070000070000375080000092000000000000000230000907587010002
000000010000031009090050000064200000009010020003070600100400705000760004300000000
090187520005000060004000000070050080008000010000200000200016870080020090060040002
030000000000300009000970000812007005050000000079180002600000078580093001000000020
030040000000000000080009300007900003003510004000020100000100270020030080409000000
050204001000503000070100020041050030800000470000000108700000260000600003100000750
700000010002009050080100000027050000040902500000600000204070008019005000600000000
000806904070509000000000070000900516920000000700005000010000200000001895057000600
000200040210500000073601000004008035030000002560420810000000070100004000000100250
000200000000000003000004106013007040400006090200005000061030200000009700305040000
300002901020080037089000200050200008170005000000679005012000070600000000000010000
000580026000603785000000000000906500900700000830004007000370209005000004000000600
000009310104000090090500000070205006000000027600000000001000005300700049400003200
000000050020005000830700090000908375000300601070001000000000009308000720090017003
000003700100900008090001450070304805043100960001609004000005000000007000004800000
003000020000000800590007000200000000140200530005000078080000003700001000400500001
010000095000060003089000604540009300000080400001607900007000080803000000090005000
600009070000000204070002910009000000000190080000400002045060700908070046200510000
000000020008009000705180000000905300120007050009800042430000001000001004090070000
000009520096080030002430100300000000000020006064000000400000803000095210010800090
005003060700000020010000804307000040684701030000800700000000082006000400200000010
000000901700020600008000030080100706000000010910000204070003400009000800240060009
306090100000800006004000798040560030005000000039000040800000005400000000050709000
000000000460000000700090056380001004040006080007080035500430008000078000000000093
010905460000000003000002100200040956000000000000000028500030090000601000060094201
080000107301008090790005000000370020004000705800200040400080002005000000000040000
074000000000215000102006009008000000010900000560800024700080000890007605020509000
500001049084006003700890050160089000007000600040070000600000007001000005000000090
670035000000800906000010030100000008000400600090007140000000054810090000500004000
000000130060000042103002500200010009640050000000006280800001000005028001000030000
000000004370500000800000000063000009000700503010060407050001006400030090000689000
800204006000000000001050209000070180010690000400000000670008010000060070000001405
000000624520000070010070009800000010400800002060000090000940007001028000200700060
006507000030000060005032097050070010027003009000000000060000245470000000000010000
000008006862000704004000300500007008000030620300040100170000005000080000680070000
700000006030069502005078300079000005800030007000000890086000100000090000500010038
800000040090008007637400058000700000000000160000650030400307006009040570060000004
500040200012000060800200001008000140060070000000103700001005080000000070750000400
951000060003060000000700900000000000360200071209010403600002700005009000040000090
603405000100620000000000300000000203000001000000750084500002000080000017000304060
000070400000000600006000739058090300400000086000000000047650900000230075030000000
008106000020900007000000000000007000000000006956008020007080009080001450604020001
000016350090000000001004020900003615006008030320000000050102008080000500000030000
021000600790000002060070810003000201200700003010000069007100000000000000109053000
200000000000100000300004000800900250000010908702300040080500002007803005000790010
000070400570000089000098006000025040006080007000100008000060000200000590009000071
004000000018029003690030410001900080060002090000000001000000600020600150400000028
003800000600400000091000000030000010504000029060000034010000060000023180082906050
008700000031096740406100029000000000000000010010830672000000080094000031000000400
093000060600010000000000709000002000000000301200106000060073000180060200902040007
070400000000016000000090000400800001902073408000060020008002709140300000090000080
100000094400000106000600030000030000600801003071000800007080000900500040050900370
200006300008000000000000610000700490706002080049168070080901740007000802000000060
080500710009000600007308200000913067000005000000070021000709000800200009020000000
007000000090700810040000609001890046089430000060072000006304000004000002000000038
827000041000000600009000708700000000003000200200070803040900100008600090300400060
004208305050040000009000080001700000000020000020300000008000090100035204000001870
430089000008010020000040050060000038000000406301000900009004000000500601080000200
000000200180020079020501400049370020700059080300008000000040000070000090010037000
180002037070000000503000614350670400200050000000000060700000000000000026016008300
000700000000190080060000203000009850503072009100000070736000000009005006000000090
000000900000080000020009513009604008230000600006025401060000209800000005051000060
700006930903070040024900100807300000100704000000019000008200000000000400000831000
904600000020908000000000000006219083090700040100000600600400010000892000078030090
000090046020700000000006000004300000602400170510602000000007600100003405000010920
840000000930870000000000007704006930000302700006090005000005062000000000500000048
000403009002070000046902000090700530000000800070000060400690380000040205000080700
004000000300000258080090003000500007401900000070013520009300102000000040008000000
000074000000000480000003000480059007050600004006007930000060000047010058600005701
000002000000000009000000005900704000300028040080000070020401090070900021500030800
580070060000900050009038701301090047000000100000080095000010004060000380000000600
050409080000000700823060400400008070000000000008730000900050000506004000030620000
000000000542100700780000040060000000000080006104000050020007304300000100007560028
000604000010908000000010050000090308008705401037000095900506040150000003000000000
800001040009000000304000000000210000702893000000075000000300018280000004507020903
021400000890012000006003000000008100370600000004000900000074006600300000009100004
000800000500200609006050004048060070320000060605307000000700000080000300400080500
000900060200000500009385000002890000400000800078064950600032400700000000000500000
700000000000030040300041802010003008000072900072005410000008031803000200000020000
601084070450109020000000000006000040080000590000000000900050064005097201804001700
010790320003000009000002061009004007000200010026803000000000600400100700700006000
600000000000100800130050000000090060009800200560340100340020009050060000900081030
000000080000090130004000900015060000000000007006007053008709000050400300007051068
000000600007030100030000000000070005080900000001460307019800030500009080640000500
000000000300781000800500009000090000060000000970213008005007600290800010008000200
007100409060090501500060000050430007009000000700000005000370008000009000080016900
900400020010000058820190030000000070754000302000000001007805000200007000000000490
