021000009064079002000008030000000000700300000193060070000000900630000000072100043
017000300000000078500007010069000000000300800000670530605010009001500203098000000
600053107000000360000000054306800090400000500090004030000010009000907800007506010
010007308070020040236000500600040000000800000040070100800050010320400076700000000
500017260830000051600008400000002000010060030000000014004700000000003000103400025
000605007006039020400000000700000400500071200100920060000003000005060040290500030
104093008009685104006040700350009001000030800600008000000000005000000070090060000
005000100084000000102800000000000320060208005070050000800600200000400001003071600
600000009020000008800005200081000002530800000902000500390064000000023406000108900
000000060000030107000900500040010032970050000600270004500040000000100200060090003
000090300050000000007001640070000000300000500010040096400900000600080700090500010
400016000610230405000070000005601000041007030060000700090000003700562000000000002
700200003000000840000000000000604907090720000200300406400008000987000000010936000
002074006000100008700000040020051030080006100600000002000020000030060825000008700
800300100900070030067004000000010008006000000000007090500400600003095000100080070
000051600500070002000802070260007185005600030730008000000000050000200390000080207
302000000060000000000120800006370080700200100080401006500007600004000000017000430
003040009700000036004806000005028007000000905000705620000000000040000200907203000
200000300006014000030060800000673001000050008502000000607000200040007000100480003
005000000900040000340009008800200057070000000100080924700050040020900003091023070
000040000000206000040897020007104000300070601080000040000000000000321800100080207
070500300000080074800000201000230040100000000040700610000400000000357000054002060
500700004690500010801009000000000007907400085080000000000000001145020900700050600
000014207000300009000000806080000001002961700030780020900003002700009000000000300
000057063000400000200900805800009000030060000000580000005304009070000008902070036
029300100000000068800017900007630001000700009000005080000090000080000257000803000
000000080000030000008169703050004007000001009800500040900000008710050690300070001
000000001047010050300050009096700000005000003000000000010370800600045010083900005
080619000060002000079000001001705300000000900000128000008000060530000809000000520
300200804700300050001000006007006000035004000010000300800470602000000000000000078
000008006000309740700056200039005400450080002802900000308000060060000005000000900
086010003700300050020506007000207000901030000000100096090000800000000700070000509
000070906050036010000050000010000502080000060206000030038090700702000000061000083
001000300050000904340000010034002070200400080007013000090000200010040005000000039
000009000600030180001000952010060300800140020000308006092000003000000000500800040
600000000500009201000001090000010930001280000080096000100000300000348050000000086
000103760000000120800000004010000037000000000000200680004301000000060240073085000
302005000700240000054901000590000810003008027001700490005400100000510070000000000
250000080840100000000300500300005100024910030680000000000000816000003090000600002
000000842090100006000004000209006007000807004000900000004600010800000403107300029
000861500030050200000000000018004000269100800000000002000090000040006103005000600
400000007000503108003000250080075004350400800006280070000060000000000001504007000
000100000000030000540008000070200006005000087810007024007301008100850400003046500
000036090000000005080000602050320008000010230000800004005000000020008050039002401
506000000310002860020000300640500000900006420003090000008000200000301900000000036
000000000321000000089001004090030020564000000003008000000000080010460900002090503
000000090700300005600100000300010000060800900090007001870902306000000000002530170
051000000030806000600430795090008073000000059008600100000500000010907504000004000
080160030004000080129050060000200000030080000002500001500803040000000802040000000
000000010000604090900083020106070000000068000700030080400000900020000130010920068
000007060000402008007081000086000207000940056590000000074000800020050074000700020
005030407000000800008702695207000003000405089000000000500000000060001302900006040
000000000000030105300806000403050800208010040900000300000100020000400006000289030
008010009206007001000300600040086000000032000000900000004000016037008902020003804
000000200067000001000012960806030125093000086000000000108000070009800600000053008
000060042056009000400100000003506000029004500610900700360000000000000901000400020
100009000000020000000300870900080304310000000708006021809400060030000000620090400
000000610600090005015000030051023700800510090003000060008000129000000050020700000
080703010000050060000000900000005078003980006000200100050310700702000090010009002
012096700009085012800700000263071000005000000790008000520009001030000000100000006
040009700000000050509710006600007001000000504000900000460500007301800900050030048
307000000600020000008030010200001097000003600830000051009000200000806070080072000
000000003080009010302400007010000920098010600007600400020030000000982000000004000
080060000003052000905800000020009060007045900008070203039000000400000086850000090
000040007300050910060200400000000009700000600002100000000310000015064030090570200
000100000216403000007090400400071800020000000809000006670008000000200004000006001
000000000970420000205000607800900000040063002030500406000000050000780004050300700
030054080060000002400002050070000000000000320050000006006803000001070040083201700
100400000000020094409106023001000060080000000004001000008300956300600040020004008
000800012082700000100000005037008500000004000400037006001000004745000600000001300
200001980018000000900700000005002300130080000009010000007030001050000709490007500
500043000000670000340010008009460170105080900000900006000008500057000000000000040
700000200000830050603005014240600508850000007306000000000200000001000000000170400
020008109001060005870500300000000000000270000030000051700000903000810000500600020
000000000800006097167000000010057060006040000003800000050030006000085300900014050
000076003000400000400200801060000030000000205008003000041700000003080567000050020
004000000100600800000925000000306100000180400000040000091000008620000005008203091
860904070097000630004003098000350000000200005000007000009000000000700260270508300
000060000000001500020700340000007000000490031600002050000940705007010400009500163
000000790003067400070004860040095300700002640060000005000400200050000000400023000
200008563000700240060030080080020004003067001000080620040000000018400030000000000
504080003001000540000000090000060010810000470000470000708035000140006050003000600
062300071481000005300000000200000000000060003006004010830010002000000067000042800
020000080109300050000000900050000000403090070007050430000002003984000500032008000
001604000068500009590001000075420000600009000840000200004008710980000050000000020
000000009009030040100050300500100007400500010007046008604000870000300060008000901
000390160000820000060001020890000407043000002702000003437000000010080000008400900
000300001062010000500000060000085092009000000000009600073000050105008029800002103
000463021000000070060010000001900007700050000005201096203600000070300000006095000
008007010100000300000130400000700062020006804000080000702400630000008005600005700
006904300041002090000060000090500603060080500000300000003020050400005200010400000
000060010168093057070005000250700000907580000000002006530000080701000000089300000
900080045080000070000009006104000002600000000508960104000050010400002069000000200
006040035010070900073000000100095003900483100700010500000000060000009070300000000
138600070000070000200803000007000350040006000050000007005000800000102000006037002
000000400146000700000000060800073002200908000700042006090000000000000138082036007
200040057500007030400000008107804300000030001000005800002670100700021000000003600
476000000008006000000040090609007200030008400000960800500000000040050003020080540
000000010075030000019008070000703025080040000001085094400100000000009003000050100
000070016600901802000800000002059000000708009000210700010000030080300005500000070
004000000000457002090020080800360000000004006000000000002700430300500807500000200
006793010000008000080041000509000000000000470401070000010087006000006009804000003
007600000010400053503000400000100000600030040000240000700082036000000002800700100
006000005910000600040205030000000800000904050020000009000700500890500004400000083
100000000090408300304020800508200903000005010719000400000000250002900000000000080
504070000800234000700000000070000610608000300050120087000650000000302001000008020
600000700054208000300400200062800000000001000400030010008704030000000002006000085
009004000600000300170806000068090071017000000300040020000000000080102040700600019
702000045000000000000006208060047000170083000800600400000008060450070803030000020
000000080009070000080002064060090701000000430700020000090004000042730000300100800
006000000920100007104000000241070000300000006060093020000005600000361075007029300
709104000000580200000006070105008400000000610002000007004000092000000108600000500
000003201040000038700000600308001700006002000120000003802007360000090000000000080
010008000063017900900005010071000000000860001030700005009000600400000008000003000
000100005900708000001053800000000040700032001000000000005000900409010057102400080
000008001002346700000002640000080506030607410050000070580000007007000008060000300
041000000000030000200000010000200006100040008876000000000000370037602800009310600
002010000000028059900000080008000000030602970000000862010065020090000000723000000
000010300000239008000000004041300209800000740029071600000790000610002000070000000
600900003700000024020800967000700000000000800000430000476090000009010400800000209
000000000000060801003000079010000000009001302502000000070050130008079500060080000
000000060009080020080501000000020090300006000000008100005000300102000800006890004
104003009037800004000001600000000000040070001071000358500000010000608000086000000
090080000050009401000053098000000010031004020200800500000002030003600009002900040
060009000100060904009000000000182000701600000050097020208000000000840000400015008
300000010860512300000000005000703008710056000600020050000030400000108026000040870
097340000010000009000000780900000038073800020028000005000084010100200004705010090
030509067000002300007080009000000080360000050000030900000000072249060000600003005
102000000000460700070003450000201000300000010800000600000070000003000040700052830
082000700000070304400900020000320070050800902003609000000000500000032060005040003
200000003407003006080240007038009000560000008000060000000090082700600309000000750
007400800040020000000000700000090100000008060802006009200009070100000580568070020
000008000600450007007096803904000001536004000070000000800300000341000009000100064
009000050000908204270006800000060001005000980000710000000080000400000602600107040
805000000000300000000078100400005000007010400000806210050032000001604830000000000
604037900070906002200008400982700000000000300000800209000002040007000000053000000
000100002630000500054080000000000400092060000308000005003005060960840213040000000
000003006070208000000900000090400700830020001020000900008000014000030809400001300
300209000009800350070006092010300007000100000007000005020080010736010000005003070
030200105700065002400030000010000000000000007004000513000800270620000000000050801
309007000070804000000100000010300002400058030008000007004010000020503700100082900
010503020090016080003790000000000507000000000072000309357020008028060000600030000
900700000006190058070050006809000100030280070200600035002000300000007000005000002
030090002500100008092803005000700009089000040000280000004000090000078000900040157
500071490000000005008029310000400000409800020800007009080005000905002000200040900
380001760070328000000000000000700000050209037000060500200090000900507012530800079
480005720000106400100000650705090180041000009000000000020600004009000000000000215
400608070070500040060700205290070054700064090000090830800000000000900000006400000
000000710000000053004000000000000028023400005700105000000008000200093000178000309
200004900080520037070090001020000008090810400000000000508000000710000090000740000
087020000003600800040000000051000000406003001000000500300042180700061000200007004
060000000002705000700260480283600701006000040500000002800000000041000020000004608
000900040000000008000043001600005004120300580090020300008000000400000013900810002
000000600700000028028000059950020100003160005086500000002000961000000000000600837
007000010090007020001409700000000000960702000010080060000620004009003000208004000
200100000000009000001020005000700100070500046500006093600000000940007600032004070
030050000200704000000010630000090050059003000673000000091070002005000380002400000
508000000000070005040080001060000020700201000209006840002500000000000000001802600
006029030009080020000657009000000507000060000290015008080003100000090000603100000
040090006010032000300100090000640000007000050100050963000000070050000001006000034
300000109070009030400016007000000900050100402100047605060500000943700000000004000
000002000740000090200000600006490010008020409000008700000900008030001040090304126
050060098960000502070800000001007060290001080005008003000009300000000050037100000
090000024700030010004020000070200308000600700803104090628700000900000000000000100
086000450239004680000008093603000000008302000000800040000050000004079000007000006
000009460003104000000020100006000007000000000100306098600000040901002030040700002
000107000000050003000043009017020000300000050805034070040000000090001805280005304
710800900020000581040000030307020000000007000080000092002090850008704200500200000
000020108070100400060054097090040020801002009006008004004000080729000000500000000
000030420200000068079000100602001030017000600400009000003020000000000001001700090
007024001800000670001000000700060050480075009020190060000006000000080000040901800
200900050035000070700800000100009402040308700020004090000000103000000084000052000
070600090400001000001380000040008013010090480607000000050006007300900000006000000
001540903405000002003020008800102000910000504007000000300010000000300080000970000
400050900036070001000600047000000050000000009500004036250010000007000290600003400
000000000470800960009060702026090007008000000040000203003010020000000600081200400
059200040000000000846000500400600053030000800500000000100050000080006109090031480
203900000706004000000017090008000000000008710000000260000000004004630080002070300
060400000083050002045000090000397000600000008000000720000020460000543009000009073
820010009000000010010005072006000907300080000070002086060007090000000568002000003
000023418020700090040900320290007080803052000050001000030009850000000000009004000
000000000000305800075000100090030000308020000501008600600000008200807000809050012
100006805070801009030000060800000000963080104040000903000060000300100008010700030
000006004000042300000000000702050001504000060016080200100000000000020045030805706
078900000009167000100000000010200069000000041096050728047000000002004006060800000
000000000200730800000500302607910005025800070000050008000000900050620030010090000
040090036030001708900030100009200043804600010060900000000008001008000200010000400
000080006001000004004000300420090103100000000908300200000020001080503009500006020
008001050100000820920804300000040080500270010030508290000000005000900000070000100
009600700000370600100800003090001008210000007000006020020000000060000201304008000
500097001800204300900005080007040010000300200008000070000000700000000002302000845
100000002053000000000006090930010700070000315000000009006000207002600083087030050
090021305003400000210000004846050000000080000039014000000005040000243006080000200
900060080048300000000900004000000010003007006706000040600008500009070030500001009
000000780300002105708009032000007500005320060000096071000070013000203900500000000
600000000070500403000040652102900000050007000400020916000000000014002005900000200
086047200007000040020603000000089004000000700004006813000000300000810000008032006
000000790090000856000000000902006004007040000800105000004070500000004000708060402
000450000000700080000006025700500006285040030400030000570800063008060900030000004
406000000000009040003000700900004000005030000000608093007200506800400300059003000
003000008200067540700805020000500070000002030000400000070000009400930000360000050
000058400920006000000000000060004300002300904005000002470000500000803000006002030
006000703040500009000007080000082000000000470003000000000090028300604000250700000
000009000300200500709010040134000000000062450000000000000300602020004000600900000
003090506005000009090003047600000408950000300200604000040000083006400050000800000
260017080980006040001000000000000000600109003000002168070000000094008000100090002
000008017000900500001630000002096050000005000800000706005210000000000230700380000
000060020000900057040000608007005800400092000208030005000020076090000000000070540
000005000059002040000430001000058200800640310160000000500000003030090100000000960
000200005010907000047850002080001400095000160000008000426000000050000900700000001
000580000000000800012400005000610090906803001000050062040200009250000103000300000
000097000040000200000810000003000000020009060790246000900003106080000790100070304
006000000100085900800320501060030000008097000201600070002069000087001006000800000
508020100000500460030700000005180004801007200300002000000000080000000731076000002
000700000200035600050040280600000800400001702800620405000204000007000000008073100
290003007003000060504001000410000070005000920700100603000340000000000509052000030
002000906600032100700100530007008600000370000301500008009000000000807000000653000
000040007048009000000000061900130740300080006006400010009820000001000370000300000
500978300210400500000000000150307082090120004000000000000004000407030050000010000
500040007000275003000600000040300090600080250020090700008706000000000009260030800
000000960062700005950000000000100600007400090000000078009807000008010200004205007
200005000800300006307200040503009270008000000640020038000790000000050000000008003
700000500005070000000000210000417800003006001004005000510000023200301080800060000
000090007080052006300000000700000003560000000002400070020040030003060082690020054
000700005050098300008002090070080200040000000002070403003000801095001027020000000
500904000036000020102000500000406000005070200000000073900607000000200006000013000
000050010002000000000000370001700004000020030070010860600041000780530400040270050
800060000020300100001040023500691204000000000000280065060008040000010300000450002
100000050304025900006001300000000000560000271007102009900000400040097520000000000
080000030005000006320900700007000000600005008000024970400700000000400005000069800
700020005040000000020706081900002000000080000000940200000005019200100700006097004
685200000000500000900018600000602590400000000000087400562094000000050900008700040
030408000080010000009700500040000060800976000005040093001600000406000000050003400
010000400600830020802004065006070008000205000000000600487520000000000000005347000
010098000600301080050200003200000005085000030061080090000605000000840026030010000
000004390300010000076009010000090600200400000000000000409780006020003970010002084
180050300405001000006003000200095803000000000004060000900010000008002060010030025
960000000408050000000007030000008460000000008036004071000490506090780000050000000
040000005020009000100400600000700062700006910000000407050080000409170050017200000
090005040030080200064009000020000003700004050480036000300060008052000600008000020
100020000009000007800106000000509000700002008000470000900040705560000109004010000
000000200001000870200500000600003000752980000009002000090010005007000903300007600
000008450100006000093000000041709500000000000009000086068490000000000004700301000
000720049100500300000003271800000000010000003200000908700382000000005007953007002
000900503000300006300040070400792300006030092000005000000000000070256400090000658
027504300006002408000007000004000206000008597905000000000000000060730020000200680
007580000000900005810000000071050000500046090004007200000070000008000069000200710
306740002020060000408090700000000084000300200000908160900000001700000400000000038
702000000050000000406700500930400006507800002000050043000000060800270000020900000
092000680500089000000000004025000903670050000300092060050026000800000300003040000
300000700000009483000000609083900000007800050064750000702003004000000860000005002
805000000200000300000038009002010000060000900570000000700060008050097603019005070
000204360059000704004010090400605100900300000602070030001003000020000000700000000
000000004040037050200000908301000080000001073900000520000070090000298010000105000
700520040520490000009001000015970600000014000008000000060200018090040050000000007
040300000008000000900400720002000000010007008780025001005031400004000000130000097
005008370080063005000000000000007520100002060000000703520406000640300002003080100
400000000900070180000300902000000000381260000000007206004010090268900000000000000
010800200400000170027400003004080309090060010060309000100000040000002000000006730
408001203000075064001000007083000000000000020704200000150003000002006031000040070
001000000056000790200008604000401570100000900000096408900700000080000000514000080
000701000000053000000040700060570094009100006204000050000930000972006000003000040
080001006007060100010940070000000720090000408004080010000097000600030000739200060
502340100304200060010600000000500300001000000008003900000104000605000040000950230
000001070000950000000068100016700005503020690820000000000083250000105000000600007
920060000008000023600502800080000004009054000200900506003000000890100000460039001
007000090080500000000000060008300905002600000009000070000205000050000001906073200
000040000008600007360000000002080004041500002050000670000700160100005000500038400
210000000070003090900008050009230700000700009005890003140000000057000010000002030
000309760070010000805700200500006300027000000090020008083007600000230010000000000
300090000087020000020000305890603500010000070000051860000060007000000201000900080
320005000860090000001000000000309600500100800040080020109000000000600053450000000
500092030201006008000004000000900080000001002002800004800010005600500400000400090
003501000005009073900070600281000000000300100500600000000050006090007081000180030
000200670000030090060090403048900000000000000000871000000604920400000010092003040
023040090400020030007009080092000000000100073300000000010000005000050100708002000
024000085030000006089000200000893407500070600000000009000065702000007000000030000
060041095010006030000300070003005001150092000402000000520004008704009000000000000
000000720400500360000602009540020008083700600060300400000005000000000090630007040
007902000102000460940100800000817030000000780000000000004000002001008304700030190
070010036000030000000000700002076000090004600035090040007000000001002009053007012
020040900300690070084007050060000720000500000700006084000900040000000069000020805
790080000000200000000670003201000840004030000600004070000013200307000009060000007
020004090000630000109700005070020050000000601001000470000000036006000709007000510
620000009000005000005002780030100072006200810000900050000000390008700200200003008
070000010400510007058060200000080604000002001047000020600000000082400300300000000
000000000109730000060049500074000920216000040000000070320150000000302000000094000
050016073003020605000000000000000500000000362000090007602830000300059200095760800
000000001001086000000305800000004000805020009604500020000900205400000600002040008
000009540060000000020740000600507190008000026900800400000000000000190000140006900
000750000000001000060008040650179000001000000094000060049810620000004070700602009
070009000019000240804000000680000724107000890040000600000060480050000007000051000
000500830080630000000000200000000060000040100204008500300009008091006050600014300
000000000900000003003000561501804000000052000640030820000000900009500042200300018
000000040071000000000300987090007050105400020027059431000010308003700590000000004
009000000070006000000504000043009087960005000000830040000090008007680059000002400
701020008304000000520070390000000930000807541005003000000900010800105000000000000
025867100090000000108090000000000000600270500032050076903080000070500200000010900
001000700000080000039000020000008007180009230043000901000006070000900402407002310
300000002090005000042008000030500068009002400150060300960000000528003004000000005
003106000906000002000200050701000000800005090200600000600000180000009036019000700
060005070009027005000040062000000000000030608003070000070200093300080050008009200
000004000104003060090052000020000007073506920000300056205000000400010000000000300
000000005500030194002001300809427000300810200000000000030000000000058400000204730
100000007008307002020000000780400300045001090090020705000800000000002003900043000
003000054009000000040000000000201000005003140820560003500006000900300200038050010
040010006000040300002730001134000020008000000607000009700900600000074930003000000
900000000106050000038200000000000300875031000009608057700000020600087010051000000
300000000000015000040900201000030700130002000470108000009400052520000000000007000
000023900740080000002000007006000000009500000080090004000350080205040060060002009
009000004001087000400610080000068000007000000006090305050000000090806700010903506
806105000300074000070000005640802001005001003000000000038400000004020080560003200
000000800900007014500908003607004005000080001053060040009031500000079000000500000
080035049000620503000090000001300002040000000536000080004000008002000900060200000
470000000509810400063500701000060510000700000300040006000370005000186000900000000
800090000000000207000000080000008000007520103205030400070003029000180034000700501
004200000000008009080400000807000060200069700093001004400006200000100000009024013
000000000408000203163000085000106000204000006000900104589000400000020000000600001
910875000000006001000000708000130000000084300100009000509001030000007805730000060
068005021030000000275000300302900800000000000600702000020060510009000086500008070
640000300000000090080700400098000250020580003070300000005802604007000009000600530
000009504800000900204000600009040000000010000405000003003020086002804010010530000
075002000040090000800003000006020040000009028290000570000040790409008060600000300
050200037230800010708401250000700000000005090047003508800004300000080000000179000
704000800009000000100027000008000004070000900010045000200061097800079420000002050
040002003000530100600010902406250031000000000720600000800000520000000609000900004
000760029070000540000000806806049001000000000009010060000054002090006005058900000
002070006700002010010800500000008300000010000070030000085061002100500400003200080
500000800040007031003608700005900010001000090000005400900300004060004500000000000
502009000090005000000000200280000000100264000006030000000900006300600805040008001
230801609008096007006400100304060000000340020600009000000000800409000000700200000
000000109000003000300100076000005020016079000802000900008720000000501300290000000
000100060700650801100800003403080509970004036000000000000035080000000000800000700
090076000008000000300100060000500008785060100006019070107000000039000000060020800
100480000403500000000067001080000300700000040000048050050900806007003004000810070
000000092000080030000236000083500000049800051016009003002090080000425009001000060
006000000200010089000060205000000412000000000017420056001290000090006807400008001
000903000007000091008000060009030800083605000601700050000061089000800710000400000
507402800010070250009000000000000400700391008000080000900000000400019000038205090
000500000030060200100800093000075608000000152000000000010009580095200360007000009
007030020000040001000005760702000400060000000301080500000002030050010200400057000
020009580000050000000100600600040905059001000004080710000010000000704000006508107
500000310680000040100073069000060090007000000310000005005190078000007006000480000
008000200400700008000090000500800007600000005000000380259000706740600002000009400
000000450000000103040005097003600705010054000490207000927000001001060000060002300
006040000700010403000070050004500100010400567800090000309000041000000600450000000
000510208002009000160000000700000305030000180009008000953701000000200060001000000
008900003000780000000000000900340208003007400040050700080400000000120300009500017
002001080090032006100070000015300600060100900003800000000700003620000170300000065
000000096000000000003200058500360000900802004860050700000008020000900003002705800
200600800307000000058001006706800000080000300013000000000007205000010600004056007
064001200200800003000004090830000000102040000059000000000080006503600804090005010
903000008000000906100000004560020100800031000000040000009080403300500000400960000
300040009000809060080000000100450000024006900630100050250000000900000400000000236
498070000000200000006000057000000024000501000070028100100400790080000062000902000
002800010500040703008076000000000000070300005000000028010582000205030007300400000
070000809008410000043000100000600001600000000082000030700090003200804600000100000
050002000000070516407000000040020000300000047200010900195000700006000400000000095
000507060000800009000003070040000098300100407900040006108600000000054000600700000
700000000105000902029300604000000000040007000310000065090031506000020090000506023
000007080000200600050000000006809040200601009098702160000004000470000900029006700
840006070500000000106300002000000800008160007001043200004001006003020000000637000
000900040000020000000600819050074020406000005001050000015090006902008000000100000
200000346600000007300000000570000260000800000020400503056093000980020400000004000
050000000000000940308005000480000023009000080035100006000401030006090250010002800
010000760700010809000000003060000000851300000403009080574000000090008000600045010
000060900000000403000007000020000008060100020410230607100003004089700230600008000
705040000900060000082590006000000008050620917200004050020018000000000800600700000
000001020700020069028040700010000000002100006900060004500004900007000150000002000
200895700000000000001000890410300080700000004500109002070018000000200000000073040
100000000008040000400091500040026900207050000000700004902080070080004260000007000
000000000001600200750080960092076000108020000000000000406000051800504700500000020
900500074000002001030010060000000000400000000002046090047060500100003009350001006
010006094500208060080000001000194000008000905000700040070560180000402050000000000
000006000000582003200010084809003500400000020000060840006230000000600090012098000
000004901300000620000062470001000000040607090070013000407928060060700000000000000
080019067100000020402000005060000000000781006008500019904000000000060070000400000
500000000030802006008140000000380000120050008400006009060000000050400800209600003
100060090400000000035000070000090041000000600000032007000420003000000750900715200
010200000204000800000000300108030520306000080045000000800174030000502700400083010
070053010400000036080000907000000000008030000050900400000495180000000000090786000
030920000028004000060013004001500000380000520090000100000000010000000630042006800
000150070003000000601970030106000790000020318000007002080000000300700000005000260
045810700060045200070000000900000007780420500006100029000080050020500680000000000
000000090308010020760020004010040000003200000007098030600030040000006800002000010
020708010000500070050030209102006000000070000089005000030080007000100063000600050
000802900070400060000060800800001000500000000019270000090008010002106005740020600
009046010000002000030000709000000080020070001000060000004930008061008090070010004
123600700600000800070000610050306000002007000840000050400002000000001080201400000
003002608009003001600907000205000370360000500080060000008000069000000000000098005
080060002000001000000000006090300000002410300060500040408005063050000800000020001
068920041002000008700060090000170003090600100300000200000000000000004007040200900
000003200005100007030400010000701346000060000000000029507600000000040000012370050
000001820000300090009002000010000006006040000030200040008900012074600080020000003
902000415000000000004300090500400030009005082000120070000004000705000000000200709
306000510910050082700012390068070000000000050100020900000207000070963000600080000
930007000000650000000009047000070500080000000009324000200000080008560002005700609
002008060035090840084010000900000200060950000058102000000004000020800050000060090
000085000030000000080090400040009070000200090200053000090000001400020089708010504
200006030006100700000500004590010000400302000003065100000400520000000096000000001
070400020500060000130200670325000410000000206001000000014000002000096301000040950
000000000507000000040065908000008090460200050000750000200009804306002000000000760
000400370907000000410200000040650901300010050000700000006002100000300000050006400
900803000306210007200007800000700208020000910005009300009100020000905000000000000
000009400000010000300560000000046100000008900000700000089000015007980030650001004
700800001960000000450760209500004000800000704009001002000008070000050000000010620
003000000020080090984000305000340200006500400205001803001059000058000000300100000
009010068040500000000608950000000030030100087400000001000807600100400300000030009
050000000700082000102070034070600002080007601630010405000000008000030010000400000
000830000002000000340006100500900080010520600400000000000002590906080000035600400
070050020000086000008000016050270000700001009003000108090000360001005080005000900
406000982008000000070000640700052000000006100069014800020080460000000070004600200
700000000000230400003000809500710000009500001012090000900370000000008060038020010
050000004000003100020000030070000042000017090000052006200060000640005903017300400
500008006000600002000052038706003201305021040004700053000010000600007000100805000
010009000007100000000030506078020090000000208003005007000390070000050003090010000
059000000004080250010300000070009000098024001003170005000200430082000500000000080
091602000000000040280000060030009000060208053802004000000005430003000000509801000
000000080000000075000530009000369801000005060050008000600700013900040006004003000
003005000000008065040000800006090004405300002200500000700843900090000026000000030
510000000000000000003050800104362508005010003006005700040200000308140006000000070
650002070000000030742500800000005060001030000030700508208000000000000000070080410
040080005190002000200403000000000209002050083000001400000000070000030008800729300
100070003000023001005000900040000080009500207002000000500001700000400319000000504
040100000090200003261800400000001008006020710000940302007400000030007000080030000
001000080200500306000000092360709000000006800700010000600000070107020000502000061
980207000203100000000005030040000050000540810070000000000000300000002109000409785
008009060609130000001002000300054200480010009000000310000000600004206030100000805
004503009080004700005000001000002043003000805000000920000001000002900500730420000
007060005030000120010052400950000070700010000002000051004000006690000000205079000
008007054020600000000809001070000028109000570085006109000504000407000000052100000
000000003400923000020100050060014000000000400000289001300098500001500000000000064
004000001000018000000709000000004000870003500001070800730000150102300984000900307
000643007070000610000000000000400030040000720820010040300020000910700068702090000
000802907090000000100930000000000000020700000940321000210004003054000810300000740
000000006040070000000080140009240010810005024500018900000020000000806000600490875
000560029900703040050200800000008006004070050570906008000000280200090000000600003
000600100006000093500000006600100009049030000200000450000300060800000040153400002
000000000043701000000645000058400071070000000000010009096500108007000003010096000
000007009502040010700030400000470000005001090010050200000026000000300702009010040
740000000006020000010300000007000908030600100080010040090001086000430007300009400
061000000000002006000070000100080200520700030000000400800200107007003020600540800
008270000000040009003000000005000020002090743400000006007900508800030002904820000
000002703003450000102690000001000040000005200090006500000001095000000670904000000
000720000000090830030408700108000060000004000000130000300000090090640071601000208
970000080050900024002000000040000000005020090006000407509300040030000005004780069
000030800070046900000001400000000000060000009004160000500003000300890650809070041
007180000980020700000000060000001800200870010000050270508000320700000000012090005
006000000970800060183600000710309080000500071050000000200900307000100890009005000
009000000700032604020850700002046000590020070000700000000003850000400030005000206
900600400450070060200040058090080004047000000800051000068007000000800700000026000
095000703847900100000000000020019504300007802450000030000080000000730400073000000
052060000600004530000300670001005200903000000720001000104020000070500900000407000
010000004900740150000000000000507008000310490500000600600005000100090080070000003
004036050300800760051000000000000103896100000000070080005007430000000006400000075
030002005090060003200000006080004000500200000000100000300050608020890010051000309
300000060000306800000000095500200000000008000608090040005100280001040650000030001
008000009050200014000001060060000028700050400804900001000605900000400000021000006
000048000000705000000310000001200089320800500400070020200050740007900000500000300
004209000060000820000000000075008400009064010000700000057000042000072001408000060
000380000000009004000150300405060019007090030801000700000000000050007090080436001
001000020507000006860051004400005007000000800035000040126000400004007600000800000
400090030000500010070030000500000009003000407009001086600000800038009000090000004
000020800000000050080400190060000200000009400000070685400000060106000700007908001
390000800107000290000009070000000003210007000803002700702500900051000002000003600
004000000000000081180000607400970030079000160003000000501840900048050003300090005
070026090005300040406000002000060000000089074004500000000002905398600000000807000
050041000190063000300007000080000001000000073906000040030000058004030907070008000
400200190006007800790000005200000001000000700000180460600005000000800000508902010
000000060080900050000080200500800400600400005007000002400600098200007000709000100
004030009000704801090200000003050000700000408402000010001070250000000003900002700
020000300000000506000000081000080000305920000014003009900048010100000034000095000
029000050405000600080000904000409570000200000100058000600020140094000020000000006
007020800093004050000076900000630000900002000000050007000040208700000460058000030
100203000470800200200501408500000900090007800380000000004000020003005009800000570
020050900000008006000200003057002800090600100200005037000000501070030090000010078
000607008000400001050000063840000000000165000005040700017500090000008007309000000
000040000200000400400823700000064000300050810050000020604510030000000005100300600
001524030700800000080300000002059000000000070340100009005200900090080140000010000
093800000080000004504300100000000001005063408000508700600030000400971000057600000
051800030000105000000070000090004700003097450800010090004050010700000000006009000
001039800080040000006800904023008000000010000004600700012700390400000000000362000
900160020000000001000004570001520080700091005002000000000016000080005490060000100
860000210000010000000002004000107000006034120008060049003040000200671090004000800
080507030003008009050010640000000000010050000905784100030400000000003007000170004
047026590000070000000400030084095062052000000900030000620000000700004000035860000
230006040010000003060105800020060000140000060000080304500000120000200007000007000
203407806004605000890300005570000040000072300002500700908006000000000030600000000
000080604074200090000000030900600800806000040000000900100360700007090003602800000
000005060000200008073000100004002000000504720007810043008000602000703001000000080
000009700006000010000005020024900600000000100000004009409060000712000860008051007
500034010307090025901007004000001070072000030000000906000700602000003000000050040
103009800005070400480010007300500000000000902000003000050008009200004005000000720
060000407800301000001074860000100905000007000503908000400009000000000006010003009
000682014060005200000000030620040809050000300000590006000000003001200400000103080
800300000306090000090001000032780060005003000780600500209000003500007000060900008
030000009206008000040000000002706400000840920400019370003000800860007000079001000
060000008100700400435080000000570013850340000000200000500000030040060000203400001
000010000490000600510020040000034190900800000000500028040000300020086009060000000
501703040024600000003080100007840032000000800000005004000000008000300010070200005
